1,171,0,0
1,172,0,0
1,173,0,0
1,174,0,0
1,175,0,0
1,176,0,0
1,177,0,0
1,178,0,0
1,179,0,0
1,180,0,0
1,181,0,0
1,182,0,0
1,183,0,0
1,184,0,0
1,185,0,0
1,186,0,0
1,187,0,0
1,188,0,0
1,189,0,0
1,190,0,0
1,191,0,0
1,192,0,0
1,193,0,0
1,194,0,0
1,195,0,0
1,196,0,0
1,197,0,0
1,198,0,0
1,199,0,0
1,200,0,0
1,201,2580000,37
1,202,0,0
1,203,0,0
1,204,0,0
1,205,0,0
1,206,0,0
1,207,1900000,0
1,208,0,0
1,209,280000,0
2,171,0,0
2,172,0,0
2,173,0,0
2,174,0,0
2,175,0,0
2,176,0,0
2,177,0,0
2,178,0,0
2,179,0,0
2,180,0,0
2,181,0,0
2,182,0,0
2,183,0,0
2,184,0,0
2,185,0,0
2,186,0,0
2,187,0,0
2,188,0,0
2,189,0,0
2,190,3200000,0
2,191,0,0
2,192,0,0
2,193,0,0
2,194,0,0
2,195,0,0
2,196,0,0
2,197,0,0
2,198,0,0
2,199,0,0
2,200,0,0
2,201,0,0
2,202,0,0
2,203,0,0
2,204,0,0
2,205,0,0
2,206,0,0
2,207,0,0
2,208,0,0
2,209,0,0
3,171,0,0
3,172,0,0
3,173,0,0
3,174,0,0
3,175,0,0
3,176,0,0
3,177,0,0
3,178,0,0
3,179,0,0
3,180,0,0
3,181,0,0
3,182,0,0
3,183,0,0
3,184,0,0
3,185,0,0
3,186,0,0
3,187,0,0
3,188,0,0
3,189,0,0
3,190,0,0
3,191,0,0
3,192,0,0
3,193,0,0
3,194,0,0
3,195,0,0
3,196,0,0
3,197,0,0
3,198,0,0
3,199,0,0
3,200,0,0
3,201,0,0
3,202,0,0
3,203,0,0
3,204,0,0
3,205,0,0
3,206,12,12
3,207,0,0
3,208,0,0
3,209,0,0
5,171,0,0
5,172,0,0
5,173,0,0
5,174,0,0
5,175,0,0
5,176,0,0
5,177,0,0
5,178,0,0
5,179,0,0
5,180,0,0
5,181,0,0
5,182,80000,0
5,183,0,0
5,184,0,0
5,185,0,0
5,186,500000,0
5,187,0,0
5,188,0,0
5,189,0,0
5,190,1900000,0
5,191,0,0
5,192,0,0
5,193,0,0
5,194,0,0
5,195,0,0
5,196,0,0
5,197,0,0
5,198,105000,0
5,199,0,0
5,200,0,0
5,201,0,0
5,202,58,58
5,203,0,0
5,204,0,0
5,205,25000,0
5,206,0,0
5,207,0,0
5,208,0,0
5,209,0,0
6,171,0,0
6,172,0,0
6,173,0,0
6,174,0,0
6,175,0,0
6,176,0,0
6,177,0,0
6,178,0,0
6,179,0,0
6,180,0,0
6,181,0,0
6,182,0,0
6,183,0,0
6,184,75000,0
6,185,0,0
6,186,0,0
6,187,0,0
6,188,0,0
6,189,0,0
6,190,0,0
6,191,0,0
6,192,0,0
6,193,0,0
6,194,0,0
6,195,0,0
6,196,0,0
6,197,0,0
6,198,0,0
6,199,0,0
6,200,0,0
6,201,0,0
6,202,0,0
6,203,0,0
6,204,0,0
6,205,0,0
6,206,0,0
6,207,0,0
6,208,0,0
6,209,0,0
7,171,0,0
7,172,0,0
7,173,0,0
7,174,0,0
7,175,0,0
7,176,0,0
7,177,0,0
7,178,0,0
7,179,0,0
7,180,0,0
7,181,0,0
7,182,0,0
7,183,0,0
7,184,0,0
7,185,0,0
7,186,0,0
7,187,0,0
7,188,0,0
7,189,0,0
7,190,0,0
7,191,0,0
7,192,0,0
7,193,0,0
7,194,0,0
7,195,0,0
7,196,0,0
7,197,0,0
7,198,0,0
7,199,0,0
7,200,0,0
7,201,0,0
7,202,0,0
7,203,0,0
7,204,0,0
7,205,0,0
7,206,0,0
7,207,0,0
7,208,0,0
7,209,0,0
8,171,0,0
8,172,0,0
8,173,0,0
8,174,0,0
8,175,0,0
8,176,0,0
8,177,0,0
8,178,0,0
8,179,0,0
8,180,0,0
8,181,0,0
8,182,0,0
8,183,0,0
8,184,0,0
8,185,0,0
8,186,0,0
8,187,0,0
8,188,0,0
8,189,0,0
8,190,0,0
8,191,0,0
8,192,0,0
8,193,0,0
8,194,0,0
8,195,0,0
8,196,0,0
8,197,0,0
8,198,0,0
8,199,0,0
8,200,0,0
8,201,297000,0
8,202,0,0
8,203,0,0
8,204,0,0
8,205,0,0
8,206,0,0
8,207,0,0
8,208,0,0
8,209,0,0
9,171,0,0
9,172,0,0
9,173,0,0
9,174,0,0
9,175,0,0
9,176,0,0
9,177,0,0
9,178,0,0
9,179,0,0
9,180,0,0
9,181,0,0
9,182,80000,0
9,183,0,0
9,184,0,0
9,185,0,0
9,186,0,0
9,187,0,0
9,188,0,0
9,189,0,0
9,190,0,0
9,191,0,0
9,192,0,0
9,193,7000000,0
9,194,0,0
9,195,0,0
9,196,0,0
9,197,0,0
9,198,0,0
9,199,0,0
9,200,0,0
9,201,0,0
9,202,0,0
9,203,0,0
9,204,0,0
9,205,0,0
9,206,0,0
9,207,0,0
9,208,0,0
9,209,0,0
11,171,0,0
11,172,0,0
11,173,0,0
11,174,0,0
11,175,0,0
11,176,0,0
11,177,0,0
11,178,0,0
11,179,0,0
11,180,0,0
11,181,0,0
11,182,0,0
11,183,0,0
11,184,0,0
11,185,0,0
11,186,0,0
11,187,0,0
11,188,0,0
11,189,0,0
11,190,0,0
11,191,0,0
11,192,0,0
11,193,0,0
11,194,0,0
11,195,0,0
11,196,0,0
11,197,0,0
11,198,0,0
11,199,0,0
11,200,0,0
11,201,0,0
11,202,0,0
11,203,0,0
11,204,0,0
11,205,0,0
11,206,0,0
11,207,0,0
11,208,0,0
11,209,0,0
14,171,0,0
14,172,0,0
14,173,0,0
14,174,0,0
14,175,0,0
14,176,0,0
14,177,0,0
14,178,0,0
14,179,0,0
14,180,2020,18
14,181,0,0
14,182,0,0
14,183,20000000,0
14,184,0,0
14,185,0,0
14,186,0,0
14,187,0,0
14,188,0,0
14,189,0,0
14,190,5000000,0
14,191,0,0
14,192,0,0
14,193,0,0
14,194,0,0
14,195,0,0
14,196,0,0
14,197,0,0
14,198,0,0
14,199,0,0
14,200,0,0
14,201,0,0
14,202,0,0
14,203,0,0
14,204,0,0
14,205,0,0
14,206,0,0
14,207,0,0
14,208,0,0
14,209,0,0
17,171,0,0
17,172,0,0
17,173,0,0
17,174,0,0
17,175,0,0
17,176,0,0
17,177,0,0
17,178,0,0
17,179,0,0
17,180,0,0
17,181,0,0
17,182,0,0
17,183,0,0
17,184,0,0
17,185,0,0
17,186,0,0
17,187,0,0
17,188,0,0
17,189,0,0
17,190,0,0
17,191,0,0
17,192,0,0
17,193,0,0
17,194,0,0
17,195,0,0
17,196,0,0
17,197,0,0
17,198,0,0
17,199,0,0
17,200,0,0
17,201,0,0
17,202,0,0
17,203,0,0
17,204,0,0
17,205,0,0
17,206,0,0
17,207,0,0
17,208,0,0
17,209,0,0
19,171,0,0
19,172,0,0
19,173,0,0
19,174,0,0
19,175,0,0
19,176,0,0
19,177,0,0
19,178,0,0
19,179,0,0
19,180,0,0
19,181,2100000,0
19,182,0,0
19,183,0,0
19,184,0,0
19,185,0,0
19,186,0,0
19,187,0,0
19,188,0,0
19,189,0,0
19,190,0,0
19,191,0,0
19,192,0,0
19,193,0,0
19,194,0,0
19,195,0,0
19,196,0,0
19,197,0,0
19,198,0,0
19,199,0,0
19,200,0,0
19,201,0,0
19,202,0,0
19,203,0,0
19,204,0,0
19,205,0,0
19,206,0,0
19,207,0,0
19,208,0,0
19,209,0,0
21,171,0,0
21,172,0,0
21,173,0,0
21,174,0,0
21,175,0,0
21,176,0,0
21,177,0,0
21,178,0,0
21,179,0,0
21,180,0,0
21,181,0,0
21,182,0,0
21,183,0,0
21,184,3080000,0
21,185,0,0
21,186,0,0
21,187,0,0
21,188,0,0
21,189,0,0
21,190,0,0
21,191,283000,0
21,192,0,0
21,193,0,0
21,194,0,0
21,195,50000,0
21,196,0,0
21,197,0,0
21,198,0,0
21,199,0,0
21,200,0,0
21,201,20000,0
21,202,0,0
21,203,0,0
21,204,0,0
21,205,55000,0
21,206,0,0
21,207,0,0
21,208,0,0
21,209,0,0
22,171,0,0
22,172,0,0
22,173,0,0
22,174,0,0
22,175,0,0
22,176,0,0
22,177,0,0
22,178,0,0
22,179,0,0
22,180,0,0
22,181,0,0
22,182,0,0
22,183,0,0
22,184,0,0
22,185,0,0
22,186,0,0
22,187,0,0
22,188,0,0
22,189,0,0
22,190,0,0
22,191,0,0
22,192,0,0
22,193,0,0
22,194,0,0
22,195,0,0
22,196,0,0
22,197,0,0
22,198,0,0
22,199,0,0
22,200,0,0
22,201,0,0
22,202,0,0
22,203,0,0
22,204,62600,0
22,205,0,0
22,206,0,0
22,207,0,0
22,208,0,0
22,209,0,0
23,171,87600,0
23,172,0,0
23,173,0,0
23,174,0,0
23,175,0,0
23,176,0,0
23,177,0,0
23,178,0,0
23,179,0,0
23,180,0,0
23,181,0,0
23,182,1040000,0
23,183,0,0
23,184,0,0
23,185,0,0
23,186,0,0
23,187,0,0
23,188,0,0
23,189,0,0
23,190,0,0
23,191,100000,0
23,192,0,0
23,193,0,0
23,194,0,0
23,195,0,0
23,196,0,0
23,197,0,0
23,198,0,0
23,199,0,0
23,200,0,0
23,201,0,0
23,202,0,0
23,203,0,0
23,204,0,0
23,205,0,0
23,206,0,0
23,207,0,0
23,208,0,0
23,209,0,0
24,171,10000000,0
24,172,0,0
24,173,0,0
24,174,0,0
24,175,0,0
24,176,0,0
24,177,0,0
24,178,0,0
24,179,0,0
24,180,5000000,0
24,181,0,0
24,182,0,0
24,183,0,0
24,184,20000000,20
24,185,0,0
24,186,0,0
24,187,0,0
24,188,750000,0
24,189,0,0
24,190,0,0
24,191,0,0
24,192,0,0
24,193,0,0
24,194,0,0
24,195,0,0
24,196,0,0
24,197,0,0
24,198,0,0
24,199,10000000,0
24,200,0,0
24,201,0,0
24,202,1000000,0
24,203,0,0
24,204,0,0
24,205,0,0
24,206,0,0
24,207,0,0
24,208,1000000,0
24,209,0,0
26,171,0,0
26,172,0,0
26,173,0,0
26,174,0,0
26,175,0,0
26,176,0,0
26,177,0,0
26,178,0,0
26,179,0,0
26,180,0,0
26,181,0,0
26,182,0,0
26,183,0,0
26,184,0,0
26,185,0,0
26,186,0,0
26,187,0,0
26,188,0,0
26,189,0,0
26,190,0,0
26,191,0,0
26,192,0,0
26,193,0,0
26,194,0,0
26,195,0,0
26,196,0,0
26,197,0,0
26,198,0,0
26,199,0,0
26,200,0,0
26,201,0,0
26,202,0,0
26,203,0,0
26,204,0,0
26,205,0,0
26,206,0,0
26,207,0,0
26,208,0,0
26,209,0,0
27,171,0,0
27,172,0,0
27,173,0,0
27,174,0,0
27,175,0,0
27,176,0,0
27,177,442000,0
27,178,0,0
27,179,0,0
27,180,0,0
27,181,1250000,0
27,182,0,0
27,183,0,0
27,184,0,0
27,185,0,0
27,186,0,0
27,187,0,0
27,188,0,0
27,189,200000,0
27,190,0,0
27,191,2600000,0
27,192,0,0
27,193,0,0
27,194,0,0
27,195,0,0
27,196,75600,0
27,197,0,0
27,198,0,0
27,199,20700,0
27,200,0,0
27,201,0,0
27,202,0,0
27,203,0,0
27,204,0,0
27,205,0,0
27,206,0,0
27,207,0,0
27,208,0,0
27,209,0,0
28,171,0,0
28,172,0,0
28,173,0,0
28,174,0,0
28,175,0,0
28,176,0,0
28,177,0,0
28,178,0,0
28,179,0,0
28,180,0,0
28,181,0,0
28,182,0,0
28,183,0,0
28,184,0,0
28,185,0,0
28,186,0,0
28,187,0,0
28,188,0,0
28,189,0,0
28,190,0,0
28,191,0,0
28,192,0,0
28,193,0,0
28,194,0,0
28,195,0,0
28,196,0,0
28,197,0,0
28,198,0,0
28,199,0,0
28,200,650000,6
28,201,0,0
28,202,0,0
28,203,0,0
28,204,0,0
28,205,0,0
28,206,2150000,120
28,207,0,0
28,208,0,0
28,209,0,0
29,171,0,0
29,172,0,0
29,173,0,0
29,174,0,0
29,175,0,0
29,176,0,0
29,177,0,0
29,178,0,0
29,179,0,0
29,180,0,0
29,181,0,0
29,182,0,0
29,183,0,0
29,184,0,0
29,185,0,0
29,186,0,0
29,187,0,0
29,188,0,0
29,189,0,0
29,190,0,0
29,191,0,0
29,192,0,0
29,193,0,0
29,194,0,0
29,195,5000000,0
29,196,0,0
29,197,0,0
29,198,0,0
29,199,0,0
29,200,0,0
29,201,0,0
29,202,300000,0
29,203,650000,0
29,204,0,0
29,205,0,0
29,206,600000,0
29,207,0,0
29,208,0,0
29,209,0,0
30,171,0,0
30,172,400000,0
30,173,0,0
30,174,0,0
30,175,0,0
30,176,0,0
30,177,0,0
30,178,0,0
30,179,0,0
30,180,0,0
30,181,0,0
30,182,0,0
30,183,0,0
30,184,0,0
30,185,0,0
30,186,0,0
30,187,0,0
30,188,0,0
30,189,0,0
30,190,0,0
30,191,187000,0
30,192,0,0
30,193,0,0
30,194,0,0
30,195,0,0
30,196,0,0
30,197,0,0
30,198,0,0
30,199,0,0
30,200,0,0
30,201,0,0
30,202,0,0
30,203,0,0
30,204,0,0
30,205,0,0
30,206,0,0
30,207,0,0
30,208,0,0
30,209,0,0
31,171,0,0
31,172,0,0
31,173,0,0
31,174,0,0
31,175,0,0
31,176,0,0
31,177,0,0
31,178,0,0
31,179,0,0
31,180,0,0
31,181,0,0
31,182,0,0
31,183,0,0
31,184,0,0
31,185,30000,0
31,186,0,0
31,187,0,0
31,188,0,0
31,189,0,0
31,190,0,0
31,191,0,0
31,192,0,0
31,193,0,0
31,194,0,0
31,195,0,0
31,196,0,0
31,197,0,0
31,198,0,0
31,199,0,0
31,200,0,0
31,201,0,0
31,202,0,0
31,203,0,0
31,204,0,0
31,205,0,0
31,206,0,0
31,207,0,0
31,208,0,0
31,209,0,0
32,171,0,0
32,172,0,0
32,173,0,0
32,174,0,0
32,175,0,0
32,176,0,0
32,177,0,0
32,178,0,0
32,179,0,0
32,180,0,0
32,181,0,0
32,182,0,0
32,183,0,0
32,184,0,0
32,185,0,0
32,186,0,0
32,187,0,0
32,188,0,0
32,189,0,0
32,190,0,0
32,191,0,0
32,192,0,0
32,193,0,0
32,194,0,0
32,195,0,0
32,196,0,0
32,197,0,0
32,198,0,0
32,199,10000,0
32,200,0,0
32,201,0,0
32,202,0,0
32,203,30000,0
32,204,0,0
32,205,0,0
32,206,0,0
32,207,0,0
32,208,0,0
32,209,0,0
33,171,0,0
33,172,0,0
33,173,0,0
33,174,0,0
33,175,0,0
33,176,0,0
33,177,0,0
33,178,0,0
33,179,0,0
33,180,0,0
33,181,0,0
33,182,0,0
33,183,0,0
33,184,0,0
33,185,0,0
33,186,0,0
33,187,0,0
33,188,0,0
33,189,0,0
33,190,0,0
33,191,0,0
33,192,0,0
33,193,0,0
33,194,0,0
33,195,0,0
33,196,0,0
33,197,0,0
33,198,0,0
33,199,0,0
33,200,0,0
33,201,0,0
33,202,0,0
33,203,0,0
33,204,0,0
33,205,0,0
33,206,0,0
33,207,0,0
33,208,0,0
33,209,0,0
34,171,0,0
34,172,0,0
34,173,0,0
34,174,0,0
34,175,0,0
34,176,0,0
34,177,0,0
34,178,0,0
34,179,0,0
34,180,0,0
34,181,0,0
34,182,0,0
34,183,0,0
34,184,0,0
34,185,0,0
34,186,0,0
34,187,0,0
34,188,0,0
34,189,0,0
34,190,0,0
34,191,0,0
34,192,0,0
34,193,0,0
34,194,300000,0
34,195,0,0
34,196,0,0
34,197,0,0
34,198,356000,0
34,199,0,0
34,200,0,0
34,201,0,0
34,202,800000,0
34,203,0,0
34,204,0,0
34,205,0,0
34,206,0,0
34,207,0,0
34,208,0,0
34,209,0,0
35,171,0,0
35,172,0,0
35,173,0,0
35,174,0,0
35,175,0,0
35,176,0,0
35,177,0,0
35,178,0,0
35,179,0,0
35,180,0,0
35,181,0,0
35,182,0,0
35,183,0,0
35,184,0,0
35,185,0,0
35,186,0,0
35,187,0,0
35,188,0,0
35,189,0,0
35,190,0,0
35,191,0,0
35,192,0,0
35,193,0,0
35,194,0,0
35,195,0,0
35,196,0,0
35,197,0,0
35,198,0,0
35,199,0,0
35,200,0,0
35,201,0,0
35,202,0,0
35,203,0,0
35,204,0,0
35,205,0,0
35,206,0,0
35,207,0,0
35,208,0,0
35,209,0,0
36,171,0,0
36,172,0,0
36,173,0,0
36,174,0,0
36,175,0,0
36,176,0,0
36,177,0,0
36,178,0,0
36,179,6000000,0
36,180,0,0
36,181,0,0
36,182,0,0
36,183,0,0
36,184,0,0
36,185,0,0
36,186,0,0
36,187,0,0
36,188,0,0
36,189,49000000,1400
36,190,0,0
36,191,0,0
36,192,5000000,2000
36,193,12000000,0
36,194,0,0
36,195,88700000,0
36,196,9060000,0
36,197,0,0
36,198,0,0
36,199,0,0
36,200,19000000,0
36,201,20000000,0
36,202,16300000,0
36,203,64600000,0
36,204,51000000,0
36,205,0,0
36,206,7770000,0
36,207,18000000,134
36,208,0,0
36,209,0,0
37,171,0,0
37,172,0,0
37,173,0,0
37,174,0,0
37,175,0,0
37,176,0,0
37,177,0,0
37,178,0,0
37,179,0,0
37,180,0,0
37,181,0,0
37,182,0,0
37,183,0,0
37,184,0,0
37,185,0,0
37,186,0,0
37,187,0,0
37,188,0,0
37,189,0,0
37,190,0,0
37,191,0,0
37,192,0,0
37,193,0,0
37,194,0,0
37,195,0,0
37,196,0,0
37,197,0,0
37,198,0,0
37,199,100000,0
37,200,0,0
37,201,0,0
37,202,0,0
37,203,0,0
37,204,0,0
37,205,0,0
37,206,0,0
37,207,0,0
37,208,0,0
37,209,0,0
38,171,0,0
38,172,0,0
38,173,0,0
38,174,0,0
38,175,0,0
38,176,0,0
38,177,0,0
38,178,0,0
38,179,0,0
38,180,0,0
38,181,0,0
38,182,0,0
38,183,0,0
38,184,0,0
38,185,0,0
38,186,0,0
38,187,0,0
38,188,0,0
38,189,0,0
38,190,0,0
38,191,0,0
38,192,0,0
38,193,0,0
38,194,0,0
38,195,0,0
38,196,0,0
38,197,0,0
38,198,0,0
38,199,0,0
38,200,0,0
38,201,0,0
38,202,0,0
38,203,0,0
38,204,0,0
38,205,0,0
38,206,0,0
38,207,0,0
38,208,0,0
38,209,0,0
39,171,0,0
39,172,0,0
39,173,0,0
39,174,0,0
39,175,0,0
39,176,0,0
39,177,0,0
39,178,0,0
39,179,500000,0
39,180,0,0
39,181,0,0
39,182,0,0
39,183,0,0
39,184,300000,0
39,185,0,0
39,186,0,0
39,187,0,0
39,188,0,0
39,189,0,0
39,190,0,0
39,191,0,0
39,192,0,0
39,193,0,0
39,194,0,0
39,195,0,0
39,196,0,0
39,197,0,0
39,198,0,0
39,199,0,0
39,200,0,0
39,201,0,0
39,202,0,0
39,203,0,0
39,204,0,0
39,205,0,0
39,206,0,0
39,207,0,0
39,208,0,0
39,209,0,0
40,171,0,0
40,172,0,0
40,173,0,0
40,174,0,0
40,175,0,0
40,176,0,0
40,177,0,0
40,178,0,0
40,179,0,0
40,180,0,0
40,181,0,0
40,182,0,0
40,183,0,0
40,184,0,0
40,185,0,0
40,186,0,0
40,187,0,0
40,188,0,0
40,189,0,0
40,190,0,0
40,191,0,0
40,192,0,0
40,193,0,0
40,194,0,0
40,195,0,0
40,196,0,0
40,197,0,0
40,198,0,0
40,199,0,0
40,200,0,0
40,201,0,0
40,202,0,0
40,203,0,0
40,204,0,0
40,205,0,0
40,206,0,0
40,207,0,0
40,208,0,0
40,209,0,0
41,171,0,0
41,172,0,0
41,173,0,0
41,174,0,0
41,175,0,0
41,176,0,0
41,177,0,0
41,178,0,0
41,179,0,0
41,180,0,0
41,181,0,0
41,182,0,0
41,183,0,0
41,184,0,0
41,185,0,0
41,186,0,0
41,187,0,0
41,188,0,0
41,189,0,0
41,190,0,0
41,191,0,0
41,192,0,0
41,193,0,0
41,194,0,0
41,195,0,0
41,196,0,0
41,197,0,0
41,198,0,0
41,199,0,0
41,200,0,0
41,201,0,0
41,202,0,0
41,203,0,0
41,204,0,0
41,205,0,0
41,206,0,0
41,207,0,0
41,208,0,0
41,209,0,0
42,171,0,0
42,172,0,0
42,173,0,0
42,174,0,0
42,175,0,0
42,176,0,0
42,177,0,0
42,178,0,0
42,179,0,0
42,180,0,0
42,181,0,0
42,182,0,0
42,183,0,0
42,184,0,0
42,185,0,0
42,186,0,0
42,187,0,0
42,188,0,0
42,189,0,0
42,190,0,0
42,191,0,0
42,192,0,0
42,193,0,0
42,194,0,0
42,195,0,0
42,196,0,0
42,197,0,0
42,198,0,0
42,199,0,0
42,200,0,0
42,201,0,0
42,202,0,0
42,203,0,0
42,204,0,0
42,205,0,0
42,206,0,0
42,207,0,0
42,208,0,0
42,209,0,0
43,171,0,0
43,172,0,0
43,173,0,0
43,174,0,0
43,175,0,0
43,176,0,0
43,177,0,0
43,178,0,0
43,179,0,0
43,180,0,0
43,181,0,0
43,182,0,0
43,183,0,0
43,184,0,0
43,185,0,0
43,186,0,0
43,187,0,0
43,188,0,0
43,189,0,0
43,190,0,0
43,191,0,0
43,192,0,0
43,193,0,0
43,194,0,0
43,195,0,0
43,196,0,0
43,197,0,0
43,198,0,0
43,199,0,0
43,200,0,0
43,201,0,0
43,202,0,0
43,203,0,0
43,204,0,0
43,205,0,0
43,206,0,0
43,207,0,0
43,208,0,0
43,209,0,0
44,171,0,0
44,172,0,0
44,173,0,0
44,174,0,0
44,175,0,0
44,176,0,0
44,177,0,0
44,178,0,0
44,179,0,0
44,180,0,0
44,181,0,0
44,182,0,0
44,183,0,0
44,184,0,0
44,185,0,0
44,186,0,0
44,187,0,0
44,188,0,0
44,189,0,0
44,190,0,0
44,191,0,0
44,192,0,0
44,193,0,0
44,194,0,0
44,195,0,0
44,196,0,0
44,197,0,0
44,198,0,0
44,199,820000,0
44,200,0,0
44,201,0,0
44,202,0,0
44,203,0,0
44,204,0,0
44,205,0,0
44,206,0,0
44,207,0,0
44,208,0,0
44,209,0,0
45,171,0,0
45,172,0,0
45,173,0,0
45,174,0,0
45,175,0,0
45,176,0,0
45,177,0,0
45,178,0,0
45,179,0,0
45,180,0,0
45,181,0,0
45,182,0,0
45,183,0,0
45,184,0,0
45,185,0,0
45,186,0,0
45,187,0,0
45,188,0,0
45,189,0,0
45,190,0,0
45,191,0,0
45,192,0,0
45,193,0,0
45,194,0,0
45,195,0,0
45,196,0,0
45,197,0,0
45,198,0,0
45,199,0,0
45,200,0,0
45,201,0,0
45,202,0,0
45,203,0,0
45,204,0,0
45,205,0,0
45,206,0,0
45,207,0,0
45,208,0,0
45,209,0,0
47,171,0,0
47,172,0,0
47,173,0,0
47,174,0,0
47,175,0,0
47,176,0,0
47,177,0,0
47,178,0,0
47,179,0,0
47,180,0,0
47,181,0,0
47,182,0,0
47,183,0,0
47,184,0,0
47,185,0,0
47,186,0,0
47,187,0,0
47,188,0,0
47,189,0,0
47,190,0,0
47,191,0,0
47,192,0,0
47,193,0,0
47,194,0,0
47,195,0,0
47,196,0,0
47,197,0,0
47,198,0,0
47,199,0,0
47,200,0,0
47,201,0,0
47,202,0,0
47,203,0,0
47,204,0,0
47,205,0,0
47,206,0,0
47,207,0,0
47,208,0,0
47,209,0,0
48,171,0,0
48,172,0,0
48,173,0,0
48,174,0,0
48,175,0,0
48,176,0,0
48,177,0,0
48,178,0,0
48,179,0,0
48,180,0,0
48,181,145000,0
48,182,0,0
48,183,0,0
48,184,80000,0
48,185,0,0
48,186,0,0
48,187,0,0
48,188,0,0
48,189,30000,0
48,190,0,0
48,191,0,0
48,192,0,0
48,193,0,0
48,194,0,0
48,195,0,0
48,196,0,0
48,197,100000,0
48,198,0,0
48,199,0,0
48,200,100000,0
48,201,0,0
48,202,0,0
48,203,0,0
48,204,0,0
48,205,0,0
48,206,150000,0
48,207,0,0
48,208,42800,0
48,209,340000,0
51,171,0,0
51,172,0,0
51,173,0,0
51,174,0,0
51,175,0,0
51,176,0,0
51,177,0,0
51,178,0,0
51,179,0,0
51,180,0,0
51,181,0,0
51,182,0,0
51,183,0,0
51,184,0,0
51,185,0,0
51,186,0,0
51,187,0,0
51,188,0,0
51,189,0,0
51,190,0,0
51,191,0,0
51,192,0,0
51,193,0,0
51,194,0,0
51,195,0,0
51,196,0,0
51,197,0,0
51,198,34000,0
51,199,0,0
51,200,0,0
51,201,0,0
51,202,0,0
51,203,0,0
51,204,0,0
51,205,0,0
51,206,0,0
51,207,0,0
51,208,0,0
51,209,0,0
53,171,0,0
53,172,0,0
53,173,0,0
53,174,0,0
53,175,0,0
53,176,0,0
53,177,0,0
53,178,0,0
53,179,0,0
53,180,0,0
53,181,0,0
53,182,0,0
53,183,0,0
53,184,0,0
53,185,0,0
53,186,0,0
53,187,0,0
53,188,0,0
53,189,0,0
53,190,0,0
53,191,0,0
53,192,0,0
53,193,0,0
53,194,0,0
53,195,0,0
53,196,0,0
53,197,0,0
53,198,0,0
53,199,0,0
53,200,0,0
53,201,0,0
53,202,400000,0
53,203,0,0
53,204,0,0
53,205,0,0
53,206,0,0
53,207,0,0
53,208,0,0
53,209,0,0
55,171,0,0
55,172,0,0
55,173,0,0
55,174,0,0
55,175,0,0
55,176,0,0
55,177,0,0
55,178,0,0
55,179,0,0
55,180,0,0
55,181,0,0
55,182,0,0
55,183,0,0
55,184,0,0
55,185,0,0
55,186,0,0
55,187,0,0
55,188,0,0
55,189,0,0
55,190,0,0
55,191,0,0
55,192,0,0
55,193,0,0
55,194,1600000,0
55,195,0,0
55,196,0,0
55,197,0,0
55,198,0,0
55,199,0,0
55,200,2300000,0
55,201,0,0
55,202,0,0
55,203,0,0
55,204,0,0
55,205,0,0
55,206,0,0
55,207,0,0
55,208,0,0
55,209,1700000,0
57,171,0,0
57,172,0,0
57,173,0,0
57,174,3100000,100000
57,175,0,0
57,176,0,0
57,177,0,0
57,178,0,0
57,179,0,0
57,180,0,0
57,181,0,0
57,182,0,0
57,183,0,0
57,184,8050000,300000
57,185,0,0
57,186,0,0
57,187,0,0
57,188,7000000,367
57,189,0,0
57,190,6500000,0
57,191,0,0
57,192,0,0
57,193,0,0
57,194,0,0
57,195,0,0
57,196,0,0
57,197,0,0
57,198,986000,0
57,199,0,0
57,200,4900000,0
57,201,0,0
57,202,0,0
57,203,0,0
57,204,12600000,0
57,205,0,0
57,206,2600000,0
57,207,0,0
57,208,0,0
57,209,6400000,0
58,171,0,0
58,172,0,0
58,173,0,0
58,174,0,0
58,175,0,0
58,176,0,0
58,177,0,0
58,178,0,0
58,179,0,0
58,180,0,0
58,181,0,0
58,182,0,0
58,183,0,0
58,184,31000,0
58,185,0,0
58,186,0,0
58,187,0,0
58,188,0,0
58,189,0,0
58,190,0,0
58,191,0,0
58,192,0,0
58,193,0,0
58,194,0,0
58,195,0,0
58,196,0,0
58,197,0,0
58,198,0,0
58,199,264000,0
58,200,0,0
58,201,0,0
58,202,0,0
58,203,0,0
58,204,0,0
58,205,0,0
58,206,0,0
58,207,0,0
58,208,0,0
58,209,0,0
60,171,0,0
60,172,0,0
60,173,0,0
60,174,0,0
60,175,0,0
60,176,0,0
60,177,0,0
60,178,0,0
60,179,0,0
60,180,0,0
60,181,0,0
60,182,0,0
60,183,0,0
60,184,0,0
60,185,0,0
60,186,0,0
60,187,0,0
60,188,0,0
60,189,0,0
60,190,0,0
60,191,0,0
60,192,0,0
60,193,0,0
60,194,0,0
60,195,0,0
60,196,0,0
60,197,0,0
60,198,0,0
60,199,0,0
60,200,0,0
60,201,0,0
60,202,0,0
60,203,0,0
60,204,0,0
60,205,0,0
60,206,0,0
60,207,0,0
60,208,0,0
60,209,0,0
62,171,0,0
62,172,0,0
62,173,0,0
62,174,0,0
62,175,0,0
62,176,0,0
62,177,0,0
62,178,0,0
62,179,0,0
62,180,0,0
62,181,500000,0
62,182,0,0
62,183,0,0
62,184,0,0
62,185,0,0
62,186,0,0
62,187,0,0
62,188,0,0
62,189,0,0
62,190,0,0
62,191,0,0
62,192,0,0
62,193,0,0
62,194,0,0
62,195,0,0
62,196,0,0
62,197,0,0
62,198,0,0
62,199,0,0
62,200,0,0
62,201,0,0
62,202,0,0
62,203,0,0
62,204,0,0
62,205,0,0
62,206,0,0
62,207,0,0
62,208,0,0
62,209,0,0
63,171,0,0
63,172,0,0
63,173,0,0
63,174,0,0
63,175,0,0
63,176,0,0
63,177,0,0
63,178,0,0
63,179,0,0
63,180,0,0
63,181,0,0
63,182,0,0
63,183,0,0
63,184,0,0
63,185,0,0
63,186,0,0
63,187,0,0
63,188,0,0
63,189,0,0
63,190,0,0
63,191,0,0
63,192,0,0
63,193,0,0
63,194,0,0
63,195,0,0
63,196,0,0
63,197,0,0
63,198,0,0
63,199,0,0
63,200,0,0
63,201,696000,0
63,202,0,0
63,203,0,0
63,204,0,0
63,205,0,0
63,206,0,0
63,207,0,0
63,208,0,0
63,209,0,0
65,171,0,0
65,172,12000,0
65,173,0,0
65,174,0,0
65,175,0,0
65,176,0,0
65,177,0,0
65,178,0,0
65,179,0,0
65,180,0,0
65,181,12500000,0
65,182,0,0
65,183,0,0
65,184,0,0
65,185,0,0
65,186,0,0
65,187,0,0
65,188,0,0
65,189,0,0
65,190,0,0
65,191,0,0
65,192,0,0
65,193,0,0
65,194,0,0
65,195,0,0
65,196,0,0
65,197,0,0
65,198,0,0
65,199,0,0
65,200,0,0
65,201,0,0
65,202,0,0
65,203,0,0
65,204,0,0
65,205,0,0
65,206,0,0
65,207,0,0
65,208,0,0
65,209,0,0
66,171,0,0
66,172,0,0
66,173,0,0
66,174,0,0
66,175,0,0
66,176,0,0
66,177,0,0
66,178,0,0
66,179,0,0
66,180,0,0
66,181,0,0
66,182,0,0
66,183,0,0
66,184,0,0
66,185,0,0
66,186,0,0
66,187,0,0
66,188,0,0
66,189,0,0
66,190,0,0
66,191,0,0
66,192,0,0
66,193,0,0
66,194,0,0
66,195,0,0
66,196,0,0
66,197,0,0
66,198,0,0
66,199,0,0
66,200,0,0
66,201,0,0
66,202,0,0
66,203,0,0
66,204,0,0
66,205,0,0
66,206,0,0
66,207,0,0
66,208,0,0
66,209,0,0
68,171,0,0
68,172,0,0
68,173,0,0
68,174,0,0
68,175,0,0
68,176,0,0
68,177,0,0
68,178,0,0
68,179,0,0
68,180,0,0
68,181,0,0
68,182,0,0
68,183,0,0
68,184,0,0
68,185,0,0
68,186,0,0
68,187,0,0
68,188,73000,0
68,189,0,0
68,190,0,0
68,191,0,0
68,192,0,0
68,193,0,0
68,194,0,0
68,195,0,0
68,196,0,0
68,197,0,0
68,198,0,0
68,199,0,0
68,200,0,0
68,201,0,0
68,202,114000,41
68,203,0,0
68,204,0,0
68,205,0,0
68,206,0,0
68,207,0,0
68,208,0,0
68,209,0,0
69,171,0,0
69,172,0,0
69,173,0,0
69,174,0,0
69,175,0,0
69,176,0,0
69,177,0,0
69,178,0,0
69,179,0,0
69,180,0,0
69,181,0,0
69,182,0,0
69,183,0,0
69,184,0,0
69,185,0,0
69,186,0,0
69,187,0,0
69,188,0,0
69,189,0,0
69,190,0,0
69,191,0,0
69,192,0,0
69,193,0,0
69,194,0,0
69,195,0,0
69,196,0,0
69,197,0,0
69,198,0,0
69,199,12,12
69,200,0,0
69,201,0,0
69,202,0,0
69,203,0,0
69,204,0,0
69,205,0,0
69,206,0,0
69,207,0,0
69,208,0,0
69,209,0,0
70,171,0,0
70,172,0,0
70,173,0,0
70,174,0,0
70,175,0,0
70,176,0,0
70,177,0,0
70,178,0,0
70,179,0,0
70,180,0,0
70,181,0,0
70,182,0,0
70,183,0,0
70,184,0,0
70,185,0,0
70,186,0,0
70,187,0,0
70,188,0,0
70,189,0,0
70,190,0,0
70,191,0,0
70,192,0,0
70,193,0,0
70,194,0,0
70,195,0,0
70,196,0,0
70,197,0,0
70,198,0,0
70,199,0,0
70,200,0,0
70,201,0,0
70,202,0,0
70,203,100000,0
70,204,0,0
70,205,0,0
70,206,0,0
70,207,32000,0
70,208,0,0
70,209,0,0
71,171,0,0
71,172,0,0
71,173,0,0
71,174,0,0
71,175,0,0
71,176,0,0
71,177,0,0
71,178,0,0
71,179,0,0
71,180,0,0
71,181,0,0
71,182,0,0
71,183,0,0
71,184,0,0
71,185,0,0
71,186,0,0
71,187,0,0
71,188,0,0
71,189,0,0
71,190,0,0
71,191,0,0
71,192,0,0
71,193,0,0
71,194,0,0
71,195,0,0
71,196,0,0
71,197,0,0
71,198,607000,0
71,199,0,0
71,200,0,0
71,201,0,0
71,202,0,0
71,203,0,0
71,204,0,0
71,205,0,0
71,206,0,0
71,207,0,0
71,208,0,0
71,209,0,0
72,171,0,0
72,172,0,0
72,173,0,0
72,174,0,0
72,175,507000,0
72,176,0,0
72,177,0,0
72,178,450000,0
72,179,0,0
72,180,0,0
72,181,103000,0
72,182,0,0
72,183,0,0
72,184,0,0
72,185,0,0
72,186,0,0
72,187,0,0
72,188,0,0
72,189,0,0
72,190,0,0
72,191,0,0
72,192,0,0
72,193,1000000,0
72,194,0,0
72,195,0,0
72,196,0,0
72,197,0,0
72,198,0,0
72,199,0,0
72,200,0,0
72,201,0,0
72,202,0,0
72,203,0,0
72,204,35000,0
72,205,0,0
72,206,0,0
72,207,0,0
72,208,0,0
72,209,0,0
74,171,0,0
74,172,0,0
74,173,300000,0
74,174,0,0
74,175,0,0
74,176,0,0
74,177,0,0
74,178,0,0
74,179,0,0
74,180,0,0
74,181,0,0
74,182,0,0
74,183,0,0
74,184,0,0
74,185,0,0
74,186,0,0
74,187,0,0
74,188,0,0
74,189,0,0
74,190,0,0
74,191,0,0
74,192,0,0
74,193,0,0
74,194,0,0
74,195,0,0
74,196,0,0
74,197,0,0
74,198,0,0
74,199,0,0
74,200,0,0
74,201,1130,0
74,202,195000,0
74,203,82000,0
74,204,0,0
74,205,138000,0
74,206,0,0
74,207,0,0
74,208,0,0
74,209,0,0
75,171,0,0
75,172,0,0
75,173,0,0
75,174,0,0
75,175,0,0
75,176,0,0
75,177,0,0
75,178,0,0
75,179,0,0
75,180,0,0
75,181,0,0
75,182,0,0
75,183,0,0
75,184,0,0
75,185,0,0
75,186,0,0
75,187,0,0
75,188,0,0
75,189,0,0
75,190,0,0
75,191,0,0
75,192,0,0
75,193,0,0
75,194,0,0
75,195,0,0
75,196,0,0
75,197,0,0
75,198,0,0
75,199,0,0
75,200,0,0
75,201,0,0
75,202,0,0
75,203,0,0
75,204,0,0
75,205,0,0
75,206,0,0
75,207,0,0
75,208,0,0
75,209,0,0
77,171,0,0
77,172,0,0
77,173,200000000,0
77,174,0,0
77,175,0,0
77,176,0,0
77,177,0,0
77,178,0,0
77,179,0,0
77,180,10000000,0
77,181,0,0
77,182,0,0
77,183,100000000,0
77,184,0,0
77,185,0,0
77,186,0,0
77,187,0,0
77,188,300000000,300
77,189,0,0
77,190,0,0
77,191,0,0
77,192,0,0
77,193,0,0
77,194,1180000,0
77,195,0,0
77,196,0,0
77,197,0,0
77,198,0,0
77,199,0,0
77,200,0,0
77,201,50000000,20
77,202,0,0
77,203,300000000,0
77,204,0,0
77,205,0,0
77,206,0,0
77,207,0,0
77,208,0,0
77,209,0,0
78,171,0,0
78,172,0,0
78,173,3500000,0
78,174,0,0
78,175,0,0
78,176,0,0
78,177,0,0
78,178,0,0
78,179,17300,63
78,180,0,0
78,181,0,0
78,182,0,0
78,183,280,280
78,184,0,0
78,185,2230,230
78,186,0,0
78,187,1080,84
78,188,0,0
78,189,0,0
78,190,0,0
78,191,0,0
78,192,0,0
78,193,0,0
78,194,0,0
78,195,0,0
78,196,0,0
78,197,0,0
78,198,1070000,672
78,199,0,0
78,200,0,0
78,201,0,0
78,202,0,0
78,203,0,0
78,204,15000,0
78,205,0,0
78,206,0,0
78,207,0,0
78,208,0,0
78,209,0,0
79,171,0,0
79,172,0,0
79,173,0,0
79,174,0,0
79,175,0,0
79,176,0,0
79,177,0,0
79,178,0,0
79,179,0,0
79,180,0,0
79,181,0,0
79,182,0,0
79,183,0,0
79,184,0,0
79,185,0,0
79,186,0,0
79,187,0,0
79,188,0,0
79,189,0,0
79,190,0,0
79,191,0,0
79,192,0,0
79,193,0,0
79,194,0,0
79,195,0,0
79,196,0,0
79,197,0,0
79,198,0,0
79,199,0,0
79,200,37000000,0
79,201,0,0
79,202,0,0
79,203,0,0
79,204,0,0
79,205,0,0
79,206,0,0
79,207,0,0
79,208,0,0
79,209,0,0
80,171,0,0
80,172,0,0
80,173,0,0
80,174,0,0
80,175,0,0
80,176,0,0
80,177,0,0
80,178,0,0
80,179,0,0
80,180,0,0
80,181,0,0
80,182,0,0
80,183,0,0
80,184,0,0
80,185,0,0
80,186,0,0
80,187,0,0
80,188,0,0
80,189,0,0
80,190,0,0
80,191,0,0
80,192,0,0
80,193,0,0
80,194,0,0
80,195,0,0
80,196,0,0
80,197,0,0
80,198,0,0
80,199,0,0
80,200,0,0
80,201,0,0
80,202,0,0
80,203,0,0
80,204,0,0
80,205,0,0
80,206,0,0
80,207,0,0
80,208,0,0
80,209,0,0
82,171,0,0
82,172,0,0
82,173,0,0
82,174,0,0
82,175,0,0
82,176,0,0
82,177,0,0
82,178,0,0
82,179,0,0
82,180,0,0
82,181,0,0
82,182,0,0
82,183,0,0
82,184,0,0
82,185,0,0
82,186,0,0
82,187,0,0
82,188,0,0
82,189,0,0
82,190,0,0
82,191,0,0
82,192,0,0
82,193,0,0
82,194,0,0
82,195,0,0
82,196,0,0
82,197,0,0
82,198,0,0
82,199,0,0
82,200,0,0
82,201,0,0
82,202,0,0
82,203,0,0
82,204,0,0
82,205,0,0
82,206,0,0
82,207,0,0
82,208,0,0
82,209,0,0
83,171,0,0
83,172,0,0
83,173,0,0
83,174,0,0
83,175,0,0
83,176,0,0
83,177,0,0
83,178,0,0
83,179,0,0
83,180,0,0
83,181,0,0
83,182,0,0
83,183,0,0
83,184,0,0
83,185,0,0
83,186,0,0
83,187,0,0
83,188,0,0
83,189,0,0
83,190,0,0
83,191,0,0
83,192,0,0
83,193,0,0
83,194,0,0
83,195,0,0
83,196,0,0
83,197,0,0
83,198,0,0
83,199,0,0
83,200,0,0
83,201,0,0
83,202,0,0
83,203,0,0
83,204,0,0
83,205,0,0
83,206,0,0
83,207,0,0
83,208,0,0
83,209,0,0
84,171,0,0
84,172,0,0
84,173,0,0
84,174,0,0
84,175,0,0
84,176,0,0
84,177,0,0
84,178,0,0
84,179,0,0
84,180,0,0
84,181,0,0
84,182,0,0
84,183,0,0
84,184,0,0
84,185,0,0
84,186,0,0
84,187,0,0
84,188,0,0
84,189,0,0
84,190,0,0
84,191,0,0
84,192,0,0
84,193,0,0
84,194,0,0
84,195,0,0
84,196,0,0
84,197,0,0
84,198,0,0
84,199,0,0
84,200,0,0
84,201,0,0
84,202,0,0
84,203,0,0
84,204,0,0
84,205,0,0
84,206,0,0
84,207,0,0
84,208,0,0
84,209,0,0
85,171,0,0
85,172,0,0
85,173,0,0
85,174,0,0
85,175,0,0
85,176,0,0
85,177,0,0
85,178,0,0
85,179,0,0
85,180,0,0
85,181,0,0
85,182,0,0
85,183,0,0
85,184,0,0
85,185,0,0
85,186,0,0
85,187,0,0
85,188,0,0
85,189,0,0
85,190,0,0
85,191,0,0
85,192,0,0
85,193,0,0
85,194,0,0
85,195,0,0
85,196,0,0
85,197,0,0
85,198,0,0
85,199,0,0
85,200,0,0
85,201,0,0
85,202,0,0
85,203,0,0
85,204,0,0
85,205,0,0
85,206,0,0
85,207,0,0
85,208,0,0
85,209,0,0
86,171,0,0
86,172,0,0
86,173,0,0
86,174,0,0
86,175,0,0
86,176,0,0
86,177,0,0
86,178,0,0
86,179,0,0
86,180,0,0
86,181,0,0
86,182,0,0
86,183,0,0
86,184,0,0
86,185,0,0
86,186,0,0
86,187,0,0
86,188,0,0
86,189,0,0
86,190,0,0
86,191,0,0
86,192,0,0
86,193,0,0
86,194,0,0
86,195,0,0
86,196,0,0
86,197,0,0
86,198,0,0
86,199,0,0
86,200,180000,0
86,201,150000,0
86,202,0,0
86,203,0,0
86,204,0,0
86,205,0,0
86,206,0,0
86,207,0,0
86,208,0,0
86,209,0,0
88,171,0,0
88,172,150000,0
88,173,0,0
88,174,0,0
88,175,0,0
88,176,0,0
88,177,0,0
88,178,0,0
88,179,0,0
88,180,40000,0
88,181,0,0
88,182,0,0
88,183,0,0
88,184,600000,0
88,185,0,0
88,186,0,0
88,187,0,0
88,188,0,0
88,189,0,0
88,190,0,0
88,191,0,0
88,192,2700000,0
88,193,0,0
88,194,0,0
88,195,1200000,0
88,196,0,0
88,197,1600000,0
88,198,0,0
88,199,0,0
88,200,23000000,85
88,201,0,0
88,202,0,0
88,203,0,0
88,204,0,0
88,205,2300000,80
88,206,3500000,27
88,207,0,0
88,208,0,0
88,209,1400000,4
89,171,0,0
89,172,0,0
89,173,0,0
89,174,0,0
89,175,0,0
89,176,0,0
89,177,0,0
89,178,0,0
89,179,0,0
89,180,0,0
89,181,0,0
89,182,0,0
89,183,0,0
89,184,0,0
89,185,0,0
89,186,0,0
89,187,0,0
89,188,0,0
89,189,0,0
89,190,0,0
89,191,0,0
89,192,0,0
89,193,0,0
89,194,0,0
89,195,0,0
89,196,0,0
89,197,0,0
89,198,0,0
89,199,0,0
89,200,84000,0
89,201,0,0
89,202,0,0
89,203,0,0
89,204,0,0
89,205,0,0
89,206,0,0
89,207,0,0
89,208,0,0
89,209,0,0
92,171,0,0
92,172,0,0
92,173,0,0
92,174,0,0
92,175,0,0
92,176,0,0
92,177,0,0
92,178,3500000,0
92,179,0,0
92,180,0,0
92,181,0,0
92,182,0,0
92,183,0,0
92,184,0,0
92,185,0,0
92,186,0,0
92,187,0,0
92,188,0,0
92,189,730000,0
92,190,0,0
92,191,0,0
92,192,0,0
92,193,0,0
92,194,0,0
92,195,0,0
92,196,0,0
92,197,0,0
92,198,0,0
92,199,0,0
92,200,20000,0
92,201,0,0
92,202,0,0
92,203,0,0
92,204,0,0
92,205,0,0
92,206,0,0
92,207,0,0
92,208,0,0
92,209,0,0
95,171,0,0
95,172,0,0
95,173,0,0
95,174,0,0
95,175,0,0
95,176,0,0
95,177,0,0
95,178,0,0
95,179,0,0
95,180,0,0
95,181,0,0
95,182,0,0
95,183,0,0
95,184,500000,0
95,185,0,0
95,186,0,0
95,187,0,0
95,188,0,0
95,189,0,0
95,190,0,0
95,191,332000,0
95,192,0,0
95,193,0,0
95,194,0,0
95,195,0,0
95,196,0,0
95,197,0,0
95,198,0,0
95,199,0,0
95,200,0,0
95,201,0,0
95,202,0,0
95,203,500000,0
95,204,0,0
95,205,0,0
95,206,0,0
95,207,0,0
95,208,475000,0
95,209,0,0
96,171,0,0
96,172,0,0
96,173,0,0
96,174,0,0
96,175,0,0
96,176,0,0
96,177,0,0
96,178,0,0
96,179,0,0
96,180,0,0
96,181,0,0
96,182,0,0
96,183,0,0
96,184,0,0
96,185,0,0
96,186,0,0
96,187,0,0
96,188,0,0
96,189,0,0
96,190,0,0
96,191,0,0
96,192,0,0
96,193,0,0
96,194,0,0
96,195,0,0
96,196,0,0
96,197,0,0
96,198,0,0
96,199,0,0
96,200,0,0
96,201,0,0
96,202,0,0
96,203,0,0
96,204,0,0
96,205,0,0
96,206,0,0
96,207,0,0
96,208,0,0
96,209,0,0
99,171,0,0
99,172,0,0
99,173,0,0
99,174,0,0
99,175,0,0
99,176,0,0
99,177,0,0
99,178,0,0
99,179,0,0
99,180,0,0
99,181,0,0
99,182,0,0
99,183,0,0
99,184,0,0
99,185,0,0
99,186,0,0
99,187,0,0
99,188,0,0
99,189,0,0
99,190,0,0
99,191,0,0
99,192,0,0
99,193,0,0
99,194,0,0
99,195,0,0
99,196,0,0
99,197,0,0
99,198,0,0
99,199,0,0
99,200,0,0
99,201,0,0
99,202,0,0
99,203,0,0
99,204,0,0
99,205,0,0
99,206,0,0
99,207,0,0
99,208,0,0
99,209,0,0
101,171,0,0
101,172,0,0
101,173,0,0
101,174,0,0
101,175,0,0
101,176,0,0
101,177,0,0
101,178,0,0
101,179,0,0
101,180,0,0
101,181,0,0
101,182,0,0
101,183,0,0
101,184,0,0
101,185,0,0
101,186,0,0
101,187,0,0
101,188,0,0
101,189,0,0
101,190,0,0
101,191,0,0
101,192,0,0
101,193,0,0
101,194,10000,0
101,195,0,0
101,196,0,0
101,197,0,0
101,198,0,0
101,199,0,0
101,200,0,0
101,201,0,0
101,202,0,0
101,203,0,0
101,204,0,0
101,205,0,0
101,206,0,0
101,207,0,0
101,208,0,0
101,209,0,0
102,171,0,0
102,172,0,0
102,173,0,0
102,174,0,0
102,175,0,0
102,176,0,0
102,177,0,0
102,178,0,0
102,179,0,0
102,180,0,0
102,181,0,0
102,182,1000000,0
102,183,0,0
102,184,0,0
102,185,0,0
102,186,0,0
102,187,0,0
102,188,0,0
102,189,950000,200
102,190,0,0
102,191,0,0
102,192,0,0
102,193,0,0
102,194,0,0
102,195,0,0
102,196,0,0
102,197,0,0
102,198,0,0
102,199,0,0
102,200,0,0
102,201,231000,0
102,202,0,0
102,203,600000,0
102,204,0,0
102,205,0,0
102,206,14000,0
102,207,0,0
102,208,0,0
102,209,0,0
103,171,0,0
103,172,0,0
103,173,0,0
103,174,0,0
103,175,0,0
103,176,0,0
103,177,0,0
103,178,0,0
103,179,0,0
103,180,0,0
103,181,0,0
103,182,0,0
103,183,0,0
103,184,0,0
103,185,0,0
103,186,0,0
103,187,0,0
103,188,1430000,0
103,189,0,0
103,190,0,0
103,191,2800000,0
103,192,0,0
103,193,7000000,0
103,194,0,0
103,195,0,0
103,196,0,0
103,197,0,0
103,198,0,0
103,199,0,0
103,200,0,0
103,201,0,0
103,202,0,0
103,203,2830000,500
103,204,0,0
103,205,0,0
103,206,5100000,0
103,207,0,0
103,208,520000,0
103,209,0,0
104,171,0,0
104,172,0,0
104,173,0,0
104,174,0,0
104,175,0,0
104,176,0,0
104,177,0,0
104,178,0,0
104,179,0,0
104,180,0,0
104,181,0,0
104,182,0,0
104,183,0,0
104,184,0,0
104,185,0,0
104,186,0,0
104,187,0,0
104,188,0,0
104,189,0,0
104,190,0,0
104,191,0,0
104,192,0,0
104,193,0,0
104,194,0,0
104,195,0,0
104,196,0,0
104,197,0,0
104,198,0,0
104,199,5000,0
104,200,0,0
104,201,0,0
104,202,0,0
104,203,0,0
104,204,0,0
104,205,0,0
104,206,0,0
104,207,0,0
104,208,0,0
104,209,0,0
106,171,0,0
106,172,0,0
106,173,0,0
106,174,0,0
106,175,0,0
106,176,0,0
106,177,0,0
106,178,0,0
106,179,0,0
106,180,0,0
106,181,1500000,0
106,182,0,0
106,183,0,0
106,184,0,0
106,185,0,0
106,186,0,0
106,187,0,0
106,188,0,0
106,189,0,0
106,190,0,0
106,191,0,0
106,192,302000,0
106,193,0,0
106,194,0,0
106,195,0,0
106,196,0,0
106,197,0,0
106,198,0,0
106,199,0,0
106,200,0,0
106,201,0,0
106,202,0,0
106,203,0,0
106,204,0,0
106,205,0,0
106,206,1000000,0
106,207,25000,0
106,208,0,0
106,209,0,0
109,171,0,0
109,172,0,0
109,173,0,0
109,174,0,0
109,175,0,0
109,176,0,0
109,177,1420000,0
109,178,0,0
109,179,27000,0
109,180,0,0
109,181,1600000,0
109,182,0,0
109,183,0,0
109,184,0,0
109,185,0,0
109,186,0,0
109,187,0,0
109,188,0,0
109,189,0,0
109,190,0,0
109,191,0,0
109,192,0,0
109,193,0,0
109,194,447000,0
109,195,0,0
109,196,0,0
109,197,0,0
109,198,21400,0
109,199,0,0
109,200,0,0
109,201,0,0
109,202,1000000,0
109,203,0,0
109,204,0,0
109,205,0,0
109,206,0,0
109,207,0,0
109,208,0,0
109,209,0,0
110,171,0,0
110,172,0,0
110,173,0,0
110,174,0,0
110,175,0,0
110,176,0,0
110,177,0,0
110,178,0,0
110,179,0,0
110,180,0,0
110,181,0,0
110,182,0,0
110,183,0,0
110,184,0,0
110,185,0,0
110,186,0,0
110,187,0,0
110,188,0,0
110,189,0,0
110,190,0,0
110,191,0,0
110,192,0,0
110,193,0,0
110,194,0,0
110,195,0,0
110,196,0,0
110,197,0,0
110,198,0,0
110,199,0,0
110,200,0,0
110,201,0,0
110,202,0,0
110,203,0,0
110,204,0,0
110,205,0,0
110,206,0,0
110,207,0,0
110,208,0,0
110,209,0,0
111,171,0,0
111,172,0,0
111,173,0,0
111,174,0,0
111,175,0,0
111,176,0,0
111,177,0,0
111,178,0,0
111,179,0,0
111,180,0,0
111,181,0,0
111,182,0,0
111,183,0,0
111,184,0,0
111,185,0,0
111,186,0,0
111,187,0,0
111,188,0,0
111,189,0,0
111,190,0,0
111,191,0,0
111,192,0,0
111,193,0,0
111,194,0,0
111,195,0,0
111,196,0,0
111,197,0,0
111,198,0,0
111,199,0,0
111,200,65000,0
111,201,0,0
111,202,0,0
111,203,0,0
111,204,0,0
111,205,0,0
111,206,0,0
111,207,0,0
111,208,0,0
111,209,0,0
112,171,0,0
112,172,0,0
112,173,0,0
112,174,0,0
112,175,0,0
112,176,0,0
112,177,0,0
112,178,0,0
112,179,0,0
112,180,0,0
112,181,0,0
112,182,0,0
112,183,0,0
112,184,0,0
112,185,0,0
112,186,0,0
112,187,0,0
112,188,0,0
112,189,0,0
112,190,0,0
112,191,0,0
112,192,0,0
112,193,0,0
112,194,0,0
112,195,0,0
112,196,0,0
112,197,0,0
112,198,0,0
112,199,28800,0
112,200,0,0
112,201,0,0
112,202,0,0
112,203,0,0
112,204,0,0
112,205,0,0
112,206,0,0
112,207,0,0
112,208,0,0
112,209,0,0
113,171,0,0
113,172,0,0
113,173,0,0
113,174,0,0
113,175,0,0
113,176,0,0
113,177,0,0
113,178,0,0
113,179,0,0
113,180,0,0
113,181,0,0
113,182,0,0
113,183,0,0
113,184,0,0
113,185,0,0
113,186,0,0
113,187,0,0
113,188,0,0
113,189,0,0
113,190,0,0
113,191,0,0
113,192,0,0
113,193,0,0
113,194,0,0
113,195,0,0
113,196,0,0
113,197,0,0
113,198,0,0
113,199,0,0
113,200,0,0
113,201,2,2
113,202,0,0
113,203,0,0
113,204,0,0
113,205,0,0
113,206,0,0
113,207,0,0
113,208,210000,0
113,209,0,0
115,171,0,0
115,172,0,0
115,173,0,0
115,174,0,0
115,175,0,0
115,176,0,0
115,177,0,0
115,178,0,0
115,179,0,0
115,180,0,0
115,181,0,0
115,182,0,0
115,183,0,0
115,184,0,0
115,185,0,0
115,186,0,0
115,187,0,0
115,188,0,0
115,189,0,0
115,190,0,0
115,191,0,0
115,192,0,0
115,193,0,0
115,194,0,0
115,195,0,0
115,196,0,0
115,197,0,0
115,198,0,0
115,199,0,0
115,200,0,0
115,201,450000,0
115,202,0,0
115,203,0,0
115,204,0,0
115,205,0,0
115,206,0,0
115,207,0,0
115,208,0,0
115,209,0,0
117,171,0,0
117,172,137000,0
117,173,0,0
117,174,0,0
117,175,0,0
117,176,0,0
117,177,0,0
117,178,0,0
117,179,0,0
117,180,0,0
117,181,0,0
117,182,0,0
117,183,0,0
117,184,0,0
117,185,0,0
117,186,0,0
117,187,0,0
117,188,0,0
117,189,0,0
117,190,0,0
117,191,0,0
117,192,0,0
117,193,0,0
117,194,0,0
117,195,0,0
117,196,0,0
117,197,0,0
117,198,0,0
117,199,0,0
117,200,275000,0
117,201,0,0
117,202,0,0
117,203,0,0
117,204,0,0
117,205,0,0
117,206,0,0
117,207,0,0
117,208,0,0
117,209,0,0
118,171,0,0
118,172,0,0
118,173,0,0
118,174,0,0
118,175,0,0
118,176,0,0
118,177,0,0
118,178,0,0
118,179,0,0
118,180,6000000,0
118,181,0,0
118,182,4850000,100000
118,183,0,0
118,184,0,0
118,185,0,0
118,186,0,0
118,187,0,0
118,188,8050,50
118,189,0,0
118,190,0,0
118,191,3300000,0
118,192,0,0
118,193,0,0
118,194,0,0
118,195,0,0
118,196,0,0
118,197,0,0
118,198,0,0
118,199,0,0
118,200,0,0
118,201,0,0
118,202,700000,9
118,203,0,0
118,204,120000,9
118,205,0,0
118,206,1400000,0
118,207,0,0
118,208,520000,0
118,209,500000,0
120,171,0,0
120,172,0,0
120,173,0,0
120,174,0,0
120,175,0,0
120,176,0,0
120,177,0,0
120,178,0,0
120,179,0,0
120,180,0,0
120,181,0,0
120,182,0,0
120,183,0,0
120,184,0,0
120,185,0,0
120,186,0,0
120,187,0,0
120,188,0,0
120,189,0,0
120,190,0,0
120,191,250000,0
120,192,0,0
120,193,0,0
120,194,0,0
120,195,0,0
120,196,163000,0
120,197,0,0
120,198,0,0
120,199,25000,0
120,200,0,0
120,201,0,0
120,202,0,0
120,203,345000,0
120,204,0,0
120,205,0,0
120,206,0,0
120,207,0,0
120,208,0,0
120,209,0,0
122,171,0,0
122,172,0,0
122,173,900000,0
122,174,0,0
122,175,0,0
122,176,0,0
122,177,0,0
122,178,0,0
122,179,0,0
122,180,3500000,0
122,181,0,0
122,182,0,0
122,183,0,0
122,184,0,0
122,185,0,0
122,186,0,0
122,187,0,0
122,188,0,0
122,189,0,0
122,190,0,0
122,191,0,0
122,192,0,0
122,193,0,0
122,194,0,0
122,195,0,0
122,196,0,0
122,197,0,0
122,198,0,0
122,199,0,0
122,200,0,0
122,201,0,0
122,202,0,0
122,203,0,0
122,204,0,0
122,205,0,0
122,206,0,0
122,207,200000,0
122,208,0,0
122,209,0,0
124,171,0,0
124,172,0,0
124,173,0,0
124,174,0,0
124,175,0,0
124,176,0,0
124,177,0,0
124,178,0,0
124,179,0,0
124,180,0,0
124,181,0,0
124,182,0,0
124,183,0,0
124,184,0,0
124,185,0,0
124,186,0,0
124,187,0,0
124,188,0,0
124,189,0,0
124,190,0,0
124,191,0,0
124,192,0,0
124,193,0,0
124,194,0,0
124,195,0,0
124,196,0,0
124,197,0,0
124,198,0,0
124,199,0,0
124,200,0,0
124,201,0,0
124,202,0,0
124,203,0,0
124,204,0,0
124,205,0,0
124,206,0,0
124,207,0,0
124,208,0,0
124,209,0,0
125,171,0,0
125,172,0,0
125,173,0,0
125,174,0,0
125,175,0,0
125,176,0,0
125,177,0,0
125,178,0,0
125,179,0,0
125,180,0,0
125,181,0,0
125,182,0,0
125,183,0,0
125,184,0,0
125,185,0,0
125,186,0,0
125,187,0,0
125,188,0,0
125,189,0,0
125,190,0,0
125,191,0,0
125,192,0,0
125,193,0,0
125,194,0,0
125,195,75000,0
125,196,0,0
125,197,0,0
125,198,290000,0
125,199,0,0
125,200,0,0
125,201,0,0
125,202,188000,0
125,203,0,0
125,204,0,0
125,205,0,0
125,206,0,0
125,207,0,0
125,208,0,0
125,209,0,0
126,171,0,0
126,172,0,0
126,173,0,0
126,174,0,0
126,175,0,0
126,176,0,0
126,177,0,0
126,178,0,0
126,179,0,0
126,180,0,0
126,181,3500000,0
126,182,0,0
126,183,0,0
126,184,0,0
126,185,0,0
126,186,0,0
126,187,0,0
126,188,0,0
126,189,1000000,0
126,190,0,0
126,191,1630000,0
126,192,0,0
126,193,0,0
126,194,0,0
126,195,0,0
126,196,0,0
126,197,0,0
126,198,8500,0
126,199,0,0
126,200,0,0
126,201,0,0
126,202,3590000,0
126,203,0,0
126,204,0,0
126,205,0,0
126,206,3000000,0
126,207,0,0
126,208,0,0
126,209,0,0
127,171,0,0
127,172,0,0
127,173,0,0
127,174,0,0
127,175,0,0
127,176,0,0
127,177,0,0
127,178,0,0
127,179,0,0
127,180,0,0
127,181,0,0
127,182,3000000,0
127,183,0,0
127,184,0,0
127,185,0,0
127,186,0,0
127,187,0,0
127,188,0,0
127,189,0,0
127,190,0,0
127,191,0,0
127,192,0,0
127,193,0,0
127,194,0,0
127,195,0,0
127,196,0,0
127,197,0,0
127,198,0,0
127,199,0,0
127,200,0,0
127,201,0,0
127,202,0,0
127,203,0,0
127,204,0,0
127,205,0,0
127,206,0,0
127,207,0,0
127,208,0,0
127,209,0,0
131,171,0,0
131,172,0,0
131,173,0,0
131,174,0,0
131,175,0,0
131,176,0,0
131,177,0,0
131,178,0,0
131,179,0,0
131,180,0,0
131,181,0,0
131,182,0,0
131,183,0,0
131,184,0,0
131,185,0,0
131,186,0,0
131,187,0,0
131,188,0,0
131,189,0,0
131,190,0,0
131,191,0,0
131,192,0,0
131,193,0,0
131,194,0,0
131,195,0,0
131,196,0,0
131,197,0,0
131,198,0,0
131,199,0,0
131,200,2200000,143
131,201,0,0
131,202,0,0
131,203,0,0
131,204,0,0
131,205,0,0
131,206,0,0
131,207,0,0
131,208,0,0
131,209,0,0
134,171,0,0
134,172,0,0
134,173,0,0
134,174,0,0
134,175,0,0
134,176,0,0
134,177,0,0
134,178,0,0
134,179,0,0
134,180,0,0
134,181,0,0
134,182,0,0
134,183,0,0
134,184,81000,0
134,185,0,0
134,186,0,0
134,187,0,0
134,188,0,0
134,189,0,0
134,190,0,0
134,191,0,0
134,192,0,0
134,193,0,0
134,194,0,0
134,195,0,0
134,196,0,0
134,197,0,0
134,198,0,0
134,199,0,0
134,200,0,0
134,201,0,0
134,202,0,0
134,203,0,0
134,204,0,0
134,205,0,0
134,206,0,0
134,207,0,0
134,208,0,0
134,209,0,0
135,171,0,0
135,172,0,0
135,173,0,0
135,174,0,0
135,175,0,0
135,176,0,0
135,177,0,0
135,178,0,0
135,179,0,0
135,180,0,0
135,181,40000,0
135,182,0,0
135,183,0,0
135,184,0,0
135,185,0,0
135,186,0,0
135,187,0,0
135,188,0,0
135,189,0,0
135,190,0,0
135,191,0,0
135,192,0,0
135,193,0,0
135,194,0,0
135,195,0,0
135,196,0,0
135,197,0,0
135,198,500000,60
135,199,0,0
135,200,0,0
135,201,0,0
135,202,0,0
135,203,0,0
135,204,0,0
135,205,0,0
135,206,0,0
135,207,0,0
135,208,0,0
135,209,0,0
136,171,0,0
136,172,0,0
136,173,0,0
136,174,0,0
136,175,0,0
136,176,0,0
136,177,0,0
136,178,0,0
136,179,0,0
136,180,0,0
136,181,0,0
136,182,0,0
136,183,0,0
136,184,0,0
136,185,0,0
136,186,0,0
136,187,0,0
136,188,0,0
136,189,0,0
136,190,0,0
136,191,0,0
136,192,0,0
136,193,0,0
136,194,0,0
136,195,0,0
136,196,0,0
136,197,0,0
136,198,0,0
136,199,0,0
136,200,40000,12
136,201,0,0
136,202,0,0
136,203,0,0
136,204,0,0
136,205,0,0
136,206,53000,0
136,207,0,0
136,208,0,0
136,209,32500,0
137,171,0,0
137,172,0,0
137,173,0,0
137,174,0,0
137,175,0,0
137,176,0,0
137,177,0,0
137,178,0,0
137,179,0,0
137,180,0,0
137,181,0,0
137,182,0,0
137,183,0,0
137,184,0,0
137,185,0,0
137,186,0,0
137,187,0,0
137,188,0,0
137,189,0,0
137,190,0,0
137,191,2200000,0
137,192,0,0
137,193,1100000,0
137,194,0,0
137,195,0,0
137,196,0,0
137,197,0,0
137,198,0,0
137,199,0,0
137,200,0,0
137,201,0,0
137,202,0,0
137,203,21500,0
137,204,0,0
137,205,0,0
137,206,0,0
137,207,0,0
137,208,0,0
137,209,0,0
138,171,0,0
138,172,0,0
138,173,0,0
138,174,0,0
138,175,0,0
138,176,0,0
138,177,0,0
138,178,0,0
138,179,3670,0
138,180,0,0
138,181,1000000,0
138,182,0,0
138,183,0,0
138,184,1690000,0
138,185,0,0
138,186,0,0
138,187,0,0
138,188,1000000,0
138,189,0,0
138,190,0,0
138,191,254000,0
138,192,0,0
138,193,0,0
138,194,0,0
138,195,0,0
138,196,0,0
138,197,0,0
138,198,0,0
138,199,2600000,8
138,200,0,0
138,201,0,0
138,202,0,0
138,203,0,0
138,204,0,0
138,205,0,0
138,206,0,0
138,207,0,0
138,208,0,0
138,209,0,0
140,171,0,0
140,172,0,0
140,173,0,0
140,174,0,0
140,175,0,0
140,176,0,0
140,177,0,0
140,178,0,0
140,179,0,0
140,180,0,0
140,181,0,0
140,182,0,0
140,183,0,0
140,184,0,0
140,185,0,0
140,186,0,0
140,187,0,0
140,188,0,0
140,189,0,0
140,190,0,0
140,191,0,0
140,192,0,0
140,193,0,0
140,194,0,0
140,195,0,0
140,196,0,0
140,197,0,0
140,198,0,0
140,199,0,0
140,200,0,0
140,201,0,0
140,202,0,0
140,203,0,0
140,204,0,0
140,205,0,0
140,206,0,0
140,207,0,0
140,208,0,0
140,209,0,0
142,171,0,0
142,172,0,0
142,173,0,0
142,174,0,0
142,175,0,0
142,176,0,0
142,177,0,0
142,178,0,0
142,179,0,0
142,180,0,0
142,181,0,0
142,182,0,0
142,183,0,0
142,184,0,0
142,185,0,0
142,186,0,0
142,187,0,0
142,188,0,0
142,189,0,0
142,190,0,0
142,191,0,0
142,192,0,0
142,193,0,0
142,194,0,0
142,195,0,0
142,196,0,0
142,197,0,0
142,198,0,0
142,199,0,0
142,200,0,0
142,201,0,0
142,202,0,0
142,203,0,0
142,204,0,0
142,205,0,0
142,206,0,0
142,207,0,0
142,208,0,0
142,209,0,0
143,171,0,0
143,172,0,0
143,173,0,0
143,174,0,0
143,175,0,0
143,176,0,0
143,177,0,0
143,178,0,0
143,179,0,0
143,180,0,0
143,181,0,0
143,182,0,0
143,183,0,0
143,184,0,0
143,185,0,0
143,186,0,0
143,187,0,0
143,188,0,0
143,189,0,0
143,190,0,0
143,191,0,0
143,192,0,0
143,193,0,0
143,194,0,0
143,195,0,0
143,196,0,0
143,197,0,0
143,198,0,0
143,199,0,0
143,200,0,0
143,201,0,0
143,202,0,0
143,203,0,0
143,204,1000000,0
143,205,0,0
143,206,0,0
143,207,0,0
143,208,0,0
143,209,0,0
144,171,0,0
144,172,0,0
144,173,0,0
144,174,0,0
144,175,0,0
144,176,0,0
144,177,1700000,0
144,178,0,0
144,179,0,0
144,180,0,0
144,181,0,0
144,182,0,0
144,183,0,0
144,184,0,0
144,185,420000,0
144,186,0,0
144,187,0,0
144,188,0,0
144,189,0,0
144,190,60200,237
144,191,0,0
144,192,0,0
144,193,0,0
144,194,0,0
144,195,0,0
144,196,0,0
144,197,82000,0
144,198,0,0
144,199,0,0
144,200,895000,0
144,201,0,0
144,202,0,0
144,203,0,0
144,204,1000000,0
144,205,0,0
144,206,0,0
144,207,0,0
144,208,0,0
144,209,0,0
147,171,0,0
147,172,0,0
147,173,0,0
147,174,0,0
147,175,0,0
147,176,0,0
147,177,0,0
147,178,0,0
147,179,0,0
147,180,0,0
147,181,0,0
147,182,0,0
147,183,0,0
147,184,93000,0
147,185,0,0
147,186,0,0
147,187,0,0
147,188,0,0
147,189,0,0
147,190,0,0
147,191,0,0
147,192,0,0
147,193,0,0
147,194,0,0
147,195,0,0
147,196,0,0
147,197,0,0
147,198,0,0
147,199,0,0
147,200,0,0
147,201,0,0
147,202,0,0
147,203,0,0
147,204,0,0
147,205,0,0
147,206,0,0
147,207,0,0
147,208,0,0
147,209,0,0
149,171,0,0
149,172,0,0
149,173,0,0
149,174,0,0
149,175,0,0
149,176,0,0
149,177,3720000,0
149,178,0,0
149,179,0,0
149,180,950000,0
149,181,1200000,0
149,182,0,0
149,183,0,0
149,184,0,0
149,185,0,0
149,186,0,0
149,187,0,0
149,188,0,0
149,189,0,0
149,190,0,0
149,191,0,0
149,192,0,0
149,193,0,0
149,194,0,0
149,195,0,0
149,196,0,0
149,197,0,0
149,198,0,0
149,199,0,0
149,200,0,0
149,201,0,0
149,202,0,0
149,203,284000,0
149,204,0,0
149,205,0,0
149,206,0,0
149,207,0,0
149,208,0,0
149,209,0,0
156,171,0,0
156,172,0,0
156,173,0,0
156,174,0,0
156,175,0,0
156,176,0,0
156,177,0,0
156,178,0,0
156,179,0,0
156,180,0,0
156,181,0,0
156,182,0,0
156,183,0,0
156,184,0,0
156,185,0,0
156,186,0,0
156,187,0,0
156,188,0,0
156,189,0,0
156,190,0,0
156,191,0,0
156,192,0,0
156,193,0,0
156,194,0,0
156,195,0,0
156,196,0,0
156,197,0,0
156,198,0,0
156,199,380,0
156,200,0,0
156,201,0,0
156,202,0,0
156,203,0,0
156,204,0,0
156,205,0,0
156,206,0,0
156,207,0,0
156,208,0,0
156,209,0,0
157,171,0,0
157,172,0,0
157,173,0,0
157,174,249000,19000
157,175,0,0
157,176,0,0
157,177,0,0
157,178,0,0
157,179,0,0
157,180,0,0
157,181,0,0
157,182,0,0
157,183,0,0
157,184,0,0
157,185,0,0
157,186,0,0
157,187,0,0
157,188,501000,600
157,189,53500,0
157,190,0,0
157,191,0,0
157,192,0,0
157,193,0,0
157,194,0,0
157,195,0,0
157,196,0,0
157,197,0,0
157,198,0,0
157,199,0,0
157,200,1200000,21
157,201,0,0
157,202,0,0
157,203,0,0
157,204,0,0
157,205,200000,0
157,206,2,2
157,207,0,0
157,208,0,0
157,209,3300000,0
158,171,0,0
158,172,0,0
158,173,0,0
158,174,0,0
158,175,0,0
158,176,0,0
158,177,0,0
158,178,0,0
158,179,0,0
158,180,0,0
158,181,0,0
158,182,0,0
158,183,0,0
158,184,0,0
158,185,0,0
158,186,0,0
158,187,850000,0
158,188,0,0
158,189,1320000,0
158,190,0,0
158,191,0,0
158,192,0,0
158,193,0,0
158,194,0,0
158,195,0,0
158,196,300000,0
158,197,0,0
158,198,0,0
158,199,0,0
158,200,0,0
158,201,0,0
158,202,0,0
158,203,0,0
158,204,0,0
158,205,15000000,0
158,206,0,0
158,207,0,0
158,208,0,0
158,209,0,0
159,171,0,0
159,172,0,0
159,173,0,0
159,174,0,0
159,175,0,0
159,176,0,0
159,177,0,0
159,178,0,0
159,179,0,0
159,180,0,0
159,181,0,0
159,182,0,0
159,183,0,0
159,184,0,0
159,185,0,0
159,186,0,0
159,187,0,0
159,188,0,0
159,189,0,0
159,190,0,0
159,191,0,0
159,192,0,0
159,193,0,0
159,194,0,0
159,195,0,0
159,196,0,0
159,197,0,0
159,198,0,0
159,199,0,0
159,200,0,0
159,201,0,0
159,202,0,0
159,203,0,0
159,204,0,0
159,205,0,0
159,206,0,0
159,207,0,0
159,208,0,0
159,209,0,0
161,171,0,0
161,172,0,0
161,173,0,0
161,174,0,0
161,175,0,0
161,176,0,0
161,177,0,0
161,178,0,0
161,179,0,0
161,180,0,0
161,181,0,0
161,182,0,0
161,183,0,0
161,184,0,0
161,185,0,0
161,186,0,0
161,187,0,0
161,188,0,0
161,189,0,0
161,190,0,0
161,191,6000000,0
161,192,0,0
161,193,0,0
161,194,0,0
161,195,0,0
161,196,0,0
161,197,0,0
161,198,0,0
161,199,0,0
161,200,0,0
161,201,0,0
161,202,0,0
161,203,0,0
161,204,0,0
161,205,0,0
161,206,0,0
161,207,0,0
161,208,0,0
161,209,0,0
162,171,0,0
162,172,0,0
162,173,0,0
162,174,0,0
162,175,0,0
162,176,0,0
162,177,0,0
162,178,250000,0
162,179,0,0
162,180,0,0
162,181,0,0
162,182,0,0
162,183,2000000,0
162,184,0,0
162,185,0,0
162,186,0,0
162,187,0,0
162,188,2200000,0
162,189,806000,0
162,190,0,0
162,191,0,0
162,192,0,0
162,193,0,0
162,194,0,0
162,195,0,0
162,196,0,0
162,197,0,0
162,198,0,0
162,199,0,0
162,200,0,0
162,201,0,0
162,202,1000000,0
162,203,0,0
162,204,0,0
162,205,0,0
162,206,0,0
162,207,0,0
162,208,0,0
162,209,0,0
166,171,0,0
166,172,0,0
166,173,0,0
166,174,0,0
166,175,0,0
166,176,0,0
166,177,0,0
166,178,0,0
166,179,0,0
166,180,0,0
166,181,0,0
166,182,0,0
166,183,0,0
166,184,8550000,150000
166,185,0,0
166,186,0,0
166,187,0,0
166,188,3450000,0
166,189,0,0
166,190,0,0
166,191,600000,0
166,192,8600000,0
166,193,0,0
166,194,0,0
166,195,0,0
166,196,0,0
166,197,160000,0
166,198,0,0
166,199,0,0
166,200,2000000,0
166,201,0,0
166,202,0,0
166,203,0,0
166,204,0,0
166,205,0,0
166,206,0,0
166,207,0,0
166,208,0,0
166,209,0,0
168,171,0,0
168,172,0,0
168,173,0,0
168,174,0,0
168,175,0,0
168,176,0,0
168,177,0,0
168,178,0,0
168,179,0,0
168,180,0,0
168,181,0,0
168,182,500,500
168,183,0,0
168,184,0,0
168,185,0,0
168,186,0,0
168,187,0,0
168,188,0,0
168,189,0,0
168,190,0,0
168,191,250000,0
168,192,0,0
168,193,0,0
168,194,0,0
168,195,0,0
168,196,0,0
168,197,0,0
168,198,0,0
168,199,0,0
168,200,0,0
168,201,0,0
168,202,970000,0
168,203,0,0
168,204,0,0
168,205,0,0
168,206,0,0
168,207,0,0
168,208,410000,0
168,209,0,0
171,171,0,0
171,172,0,0
171,173,0,0
171,174,0,0
171,175,0,0
171,176,0,0
171,177,0,0
171,178,0,0
171,179,0,0
171,180,0,0
171,181,0,0
171,182,0,0
171,183,0,0
171,184,0,0
171,185,0,0
171,186,0,0
171,187,0,0
171,188,0,0
171,189,0,0
171,190,0,0
171,191,0,0
171,192,0,0
171,193,0,0
171,194,0,0
171,195,0,0
171,196,0,0
171,197,0,0
171,198,0,0
171,199,0,0
171,200,329000,0
171,201,0,0
171,202,0,0
171,203,0,0
171,204,0,0
171,205,0,0
171,206,0,0
171,207,0,0
171,208,0,0
171,209,1000000,0
172,171,0,0
172,172,0,0
172,173,0,0
172,174,0,0
172,175,0,0
172,176,0,0
172,177,0,0
172,178,0,0
172,179,0,0
172,180,0,0
172,181,0,0
172,182,0,0
172,183,0,0
172,184,0,0
172,185,0,0
172,186,0,0
172,187,0,0
172,188,0,0
172,189,0,0
172,190,0,0
172,191,0,0
172,192,0,0
172,193,0,0
172,194,0,0
172,195,0,0
172,196,0,0
172,197,0,0
172,198,0,0
172,199,0,0
172,200,0,0
172,201,3000000,0
172,202,0,0
172,203,0,0
172,204,0,0
172,205,0,0
172,206,0,0
172,207,0,0
172,208,0,0
172,209,800000,0
173,171,0,0
173,172,0,0
173,173,0,0
173,174,0,0
173,175,0,0
173,176,0,0
173,177,0,0
173,178,20000,0
173,179,0,0
173,180,0,0
173,181,0,0
173,182,0,0
173,183,0,0
173,184,0,0
173,185,1900000,0
173,186,0,0
173,187,0,0
173,188,0,0
173,189,110000,0
173,190,0,0
173,191,800000,0
173,192,0,0
173,193,0,0
173,194,0,0
173,195,0,0
173,196,0,0
173,197,3000000,0
173,198,0,0
173,199,0,0
173,200,0,0
173,201,0,0
173,202,0,0
173,203,0,0
173,204,1900000,0
173,205,254000,0
173,206,0,0
173,207,0,0
173,208,0,0
173,209,0,0
174,171,0,0
174,172,0,0
174,173,0,0
174,174,0,0
174,175,0,0
174,176,0,0
174,177,0,0
174,178,0,0
174,179,0,0
174,180,0,0
174,181,0,0
174,182,0,0
174,183,0,0
174,184,0,0
174,185,0,0
174,186,0,0
174,187,0,0
174,188,0,0
174,189,0,0
174,190,0,0
174,191,0,0
174,192,2500000,0
174,193,0,0
174,194,0,0
174,195,0,0
174,196,0,0
174,197,0,0
174,198,0,0
174,199,0,0
174,200,6000000,0
174,201,0,0
174,202,0,0
174,203,5000000,0
174,204,0,0
174,205,0,0
174,206,0,0
174,207,0,0
174,208,0,0
174,209,10000000,0
175,171,0,0
175,172,0,0
175,173,0,0
175,174,0,0
175,175,0,0
175,176,0,0
175,177,0,0
175,178,0,0
175,179,0,0
175,180,0,0
175,181,0,0
175,182,0,0
175,183,0,0
175,184,0,0
175,185,0,0
175,186,0,0
175,187,0,0
175,188,0,0
175,189,0,0
175,190,0,0
175,191,0,0
175,192,0,0
175,193,0,0
175,194,0,0
175,195,0,0
175,196,0,0
175,197,0,0
175,198,0,0
175,199,0,0
175,200,0,0
175,201,0,0
175,202,0,0
175,203,0,0
175,204,0,0
175,205,0,0
175,206,0,0
175,207,0,0
175,208,0,0
175,209,0,0
176,171,0,0
176,172,150000,0
176,173,0,0
176,174,0,0
176,175,0,0
176,176,0,0
176,177,0,0
176,178,0,0
176,179,0,0
176,180,0,0
176,181,0,0
176,182,0,0
176,183,0,0
176,184,0,0
176,185,0,0
176,186,0,0
176,187,0,0
176,188,0,0
176,189,0,0
176,190,400000,0
176,191,0,0
176,192,0,0
176,193,0,0
176,194,0,0
176,195,0,0
176,196,0,0
176,197,0,0
176,198,0,0
176,199,0,0
176,200,0,0
176,201,0,0
176,202,0,0
176,203,0,0
176,204,0,0
176,205,0,0
176,206,0,0
176,207,0,0
176,208,0,0
176,209,0,0
179,171,0,0
179,172,0,0
179,173,0,0
179,174,0,0
179,175,0,0
179,176,0,0
179,177,0,0
179,178,31400,0
179,179,0,0
179,180,0,0
179,181,0,0
179,182,0,0
179,183,0,0
179,184,0,0
179,185,0,0
179,186,0,0
179,187,0,0
179,188,0,0
179,189,0,0
179,190,0,0
179,191,0,0
179,192,0,0
179,193,0,0
179,194,0,0
179,195,0,0
179,196,0,0
179,197,0,0
179,198,0,0
179,199,0,0
179,200,0,0
179,201,0,0
179,202,0,0
179,203,0,0
179,204,0,0
179,205,0,0
179,206,0,0
179,207,0,0
179,208,0,0
179,209,0,0
183,171,0,0
183,172,0,0
183,173,0,0
183,174,0,0
183,175,0,0
183,176,0,0
183,177,0,0
183,178,0,0
183,179,0,0
183,180,500000,0
183,181,0,0
183,182,0,0
183,183,0,0
183,184,0,0
183,185,0,0
183,186,0,0
183,187,0,0
183,188,600000,0
183,189,0,0
183,190,0,0
183,191,0,0
183,192,0,0
183,193,0,0
183,194,0,0
183,195,0,0
183,196,0,0
183,197,0,0
183,198,0,0
183,199,126000,0
183,200,700000,115
183,201,0,0
183,202,0,0
183,203,655000,79
183,204,0,0
183,205,0,0
183,206,600000,0
183,207,0,0
183,208,0,0
183,209,750000,0
187,171,0,0
187,172,0,0
187,173,0,0
187,174,0,0
187,175,0,0
187,176,0,0
187,177,0,0
187,178,0,0
187,179,0,0
187,180,0,0
187,181,0,0
187,182,0,0
187,183,0,0
187,184,0,0
187,185,0,0
187,186,0,0
187,187,0,0
187,188,0,0
187,189,0,0
187,190,0,0
187,191,0,0
187,192,0,0
187,193,0,0
187,194,0,0
187,195,0,0
187,196,0,0
187,197,0,0
187,198,0,0
187,199,0,0
187,200,0,0
187,201,0,0
187,202,0,0
187,203,0,0
187,204,0,0
187,205,0,0
187,206,0,0
187,207,0,0
187,208,0,0
187,209,0,0
188,171,0,0
188,172,0,0
188,173,0,0
188,174,0,0
188,175,0,0
188,176,0,0
188,177,0,0
188,178,0,0
188,179,0,0
188,180,0,0
188,181,0,0
188,182,0,0
188,183,0,0
188,184,0,0
188,185,0,0
188,186,0,0
188,187,0,0
188,188,0,0
188,189,0,0
188,190,0,0
188,191,0,0
188,192,0,0
188,193,0,0
188,194,0,0
188,195,0,0
188,196,0,0
188,197,0,0
188,198,0,0
188,199,0,0
188,200,0,0
188,201,0,0
188,202,0,0
188,203,0,0
188,204,0,0
188,205,0,0
188,206,0,0
188,207,0,0
188,208,0,0
188,209,0,0
189,171,0,0
189,172,0,0
189,173,0,0
189,174,0,0
189,175,0,0
189,176,0,0
189,177,0,0
189,178,0,0
189,179,0,0
189,180,0,0
189,181,0,0
189,182,0,0
189,183,0,0
189,184,0,0
189,185,0,0
189,186,0,0
189,187,0,0
189,188,0,0
189,189,0,0
189,190,0,0
189,191,0,0
189,192,0,0
189,193,0,0
189,194,0,0
189,195,0,0
189,196,0,0
189,197,0,0
189,198,0,0
189,199,0,0
189,200,0,0
189,201,600000,0
189,202,0,0
189,203,0,0
189,204,0,0
189,205,0,0
189,206,0,0
189,207,0,0
189,208,0,0
189,209,0,0
192,171,0,0
192,172,0,0
192,173,0,0
192,174,0,0
192,175,0,0
192,176,0,0
192,177,0,0
192,178,0,0
192,179,0,0
192,180,0,0
192,181,0,0
192,182,0,0
192,183,0,0
192,184,0,0
192,185,0,0
192,186,0,0
192,187,0,0
192,188,0,0
192,189,0,0
192,190,0,0
192,191,0,0
192,192,0,0
192,193,0,0
192,194,0,0
192,195,0,0
192,196,0,0
192,197,0,0
192,198,3000000,0
192,199,0,0
192,200,1400000,0
192,201,0,0
192,202,0,0
192,203,1300000,0
192,204,0,0
192,205,0,0
192,206,410000,0
192,207,0,0
192,208,0,0
192,209,0,0
194,171,0,0
194,172,0,0
194,173,0,0
194,174,0,0
194,175,0,0
194,176,0,0
194,177,0,0
194,178,0,0
194,179,0,0
194,180,0,0
194,181,0,0
194,182,0,0
194,183,0,0
194,184,0,0
194,185,0,0
194,186,0,0
194,187,0,0
194,188,0,0
194,189,0,0
194,190,0,0
194,191,1700000,0
194,192,0,0
194,193,0,0
194,194,0,0
194,195,0,0
194,196,1270000,0
194,197,0,0
194,198,0,0
194,199,0,0
194,200,0,0
194,201,0,0
194,202,0,0
194,203,0,0
194,204,0,0
194,205,0,0
194,206,1200000,0
194,207,0,0
194,208,0,0
194,209,0,0
195,171,0,0
195,172,0,0
195,173,0,0
195,174,0,0
195,175,0,0
195,176,0,0
195,177,0,0
195,178,0,0
195,179,0,0
195,180,0,0
195,181,0,0
195,182,700000,0
195,183,0,0
195,184,0,0
195,185,0,0
195,186,0,0
195,187,0,0
195,188,0,0
195,189,0,0
195,190,0,0
195,191,5000000,0
195,192,0,0
195,193,0,0
195,194,0,0
195,195,0,0
195,196,0,0
195,197,0,0
195,198,0,0
195,199,55000,0
195,200,0,0
195,201,0,0
195,202,6000000,0
195,203,0,0
195,204,0,0
195,205,0,0
195,206,0,0
195,207,0,0
195,208,2100000,0
195,209,0,0
