1,171,0,0
1,172,0,0
1,173,0,0
1,174,0,0
1,175,0,0
1,176,0,0
1,177,90100,50
1,178,0,0
1,179,0,0
1,180,0,0
1,181,0,0
1,182,0,0
1,183,38500,500
1,184,34500,12
1,185,36,1
1,186,0,0
1,187,0,0
1,188,0,0
1,189,0,0
1,190,0,0
1,191,0,0
1,192,7150,154
1,193,14,14
1,194,0,0
1,195,101000,160
1,196,0,0
1,197,3250,0
1,198,5,5
1,199,157000,7020
1,200,92000,70
1,201,0,0
1,202,274,4
1,203,102000,1200
1,204,1000,1
1,205,1040,2
1,206,507,6
1,207,936,1
1,208,0,0
1,209,0,0
2,171,0,0
2,172,0,0
2,173,0,0
2,174,0,0
2,175,0,0
2,176,0,0
2,177,0,0
2,178,0,0
2,179,0,0
2,180,385,35
2,181,0,0
2,182,0,0
2,183,5010,1
2,184,0,0
2,185,0,0
2,186,0,0
2,187,0,0
2,188,0,0
2,189,690,0
2,190,0,0
2,191,0,0
2,192,0,0
2,193,0,0
2,194,0,0
2,195,0,0
2,196,0,0
2,197,0,0
2,198,0,0
2,199,2100,0
2,200,0,0
2,201,0,0
2,202,0,0
2,203,0,0
2,204,0,0
2,205,0,0
2,206,0,0
2,207,0,0
2,208,0,0
2,209,0,0
3,171,0,0
3,172,0,0
3,173,0,0
3,174,0,0
3,175,0,0
3,176,0,0
3,177,0,0
3,178,0,0
3,179,0,0
3,180,0,0
3,181,933000,2640
3,182,0,0
3,183,0,0
3,184,0,0
3,185,0,0
3,186,30,30
3,187,0,0
3,188,3150,1
3,189,257,0
3,190,12200,22
3,191,0,0
3,192,0,0
3,193,2250,0
3,194,0,0
3,195,13000,171
3,196,0,0
3,197,0,0
3,198,0,0
3,199,0,0
3,200,15200,22
3,201,0,0
3,202,0,0
3,203,0,0
3,204,213000,2280
3,205,315,0
3,206,0,0
3,207,323,4
3,208,0,0
3,209,0,0
7,171,0,0
7,172,0,0
7,173,0,0
7,174,0,0
7,175,0,0
7,176,0,0
7,177,0,0
7,178,170,70
7,179,0,0
7,180,0,0
7,181,0,0
7,182,0,0
7,183,0,0
7,184,0,0
7,185,0,0
7,186,45200,6
7,187,0,0
7,188,0,0
7,189,0,0
7,190,0,0
7,191,0,0
7,192,0,0
7,193,0,0
7,194,0,0
7,195,0,0
7,196,0,0
7,197,0,0
7,198,0,0
7,199,0,0
7,200,0,0
7,201,0,0
7,202,0,0
7,203,727,0
7,204,0,0
7,205,0,0
7,206,0,0
7,207,0,0
7,208,0,0
7,209,0,0
8,171,0,0
8,172,0,0
8,173,0,0
8,174,0,0
8,175,0,0
8,176,0,0
8,177,0,0
8,178,0,0
8,179,0,0
8,180,0,0
8,181,0,0
8,182,0,0
8,183,0,0
8,184,0,0
8,185,0,0
8,186,0,0
8,187,0,0
8,188,0,0
8,189,0,0
8,190,0,0
8,191,0,0
8,192,0,0
8,193,0,0
8,194,0,0
8,195,0,0
8,196,0,0
8,197,0,0
8,198,15000,0
8,199,0,0
8,200,0,0
8,201,0,0
8,202,0,0
8,203,0,0
8,204,0,0
8,205,0,0
8,206,0,0
8,207,0,0
8,208,0,0
8,209,0,0
9,171,0,0
9,172,0,0
9,173,0,0
9,174,0,0
9,175,0,0
9,176,0,0
9,177,0,0
9,178,0,0
9,179,0,0
9,180,0,0
9,181,0,0
9,182,0,0
9,183,0,0
9,184,0,0
9,185,0,0
9,186,0,0
9,187,0,0
9,188,0,0
9,189,0,0
9,190,2130,12
9,191,0,0
9,192,0,0
9,193,0,0
9,194,0,0
9,195,5030,0
9,196,0,0
9,197,0,0
9,198,0,0
9,199,0,0
9,200,0,0
9,201,0,0
9,202,0,0
9,203,0,0
9,204,0,0
9,205,0,0
9,206,0,0
9,207,0,0
9,208,0,0
9,209,0,0
10,171,0,0
10,172,0,0
10,173,0,0
10,174,0,0
10,175,0,0
10,176,0,0
10,177,0,0
10,178,0,0
10,179,0,0
10,180,0,0
10,181,0,0
10,182,0,0
10,183,0,0
10,184,0,0
10,185,0,0
10,186,0,0
10,187,0,0
10,188,0,0
10,189,0,0
10,190,0,0
10,191,0,0
10,192,0,0
10,193,0,0
10,194,0,0
10,195,0,0
10,196,0,0
10,197,0,0
10,198,0,0
10,199,0,0
10,200,0,0
10,201,0,0
10,202,0,0
10,203,0,0
10,204,0,0
10,205,0,0
10,206,0,0
10,207,0,0
10,208,0,0
10,209,0,0
11,171,0,0
11,172,0,0
11,173,0,0
11,174,0,0
11,175,0,0
11,176,0,0
11,177,0,0
11,178,0,0
11,179,0,0
11,180,0,0
11,181,0,0
11,182,0,0
11,183,0,0
11,184,0,0
11,185,0,0
11,186,0,0
11,187,0,0
11,188,0,0
11,189,0,0
11,190,0,0
11,191,0,0
11,192,0,0
11,193,0,0
11,194,0,0
11,195,0,0
11,196,0,0
11,197,0,0
11,198,0,0
11,199,700000,1
11,200,9170,1
11,201,3330,31
11,202,0,0
11,203,0,0
11,204,0,0
11,205,0,0
11,206,0,0
11,207,0,0
11,208,0,0
11,209,0,0
14,171,0,0
14,172,0,0
14,173,0,0
14,174,0,0
14,175,0,0
14,176,0,0
14,177,0,0
14,178,0,0
14,179,0,0
14,180,0,0
14,181,0,0
14,182,0,0
14,183,0,0
14,184,0,0
14,185,0,0
14,186,0,0
14,187,0,0
14,188,0,0
14,189,102,2
14,190,101,1
14,191,0,0
14,192,0,0
14,193,0,0
14,194,0,0
14,195,0,0
14,196,0,0
14,197,0,0
14,198,223,23
14,199,0,0
14,200,15200,6
14,201,1000,0
14,202,0,0
14,203,0,0
14,204,2530,2
14,205,0,0
14,206,0,0
14,207,0,0
14,208,0,0
14,209,0,0
15,171,0,0
15,172,0,0
15,173,0,0
15,174,0,0
15,175,0,0
15,176,0,0
15,177,0,0
15,178,0,0
15,179,0,0
15,180,0,0
15,181,0,0
15,182,0,0
15,183,0,0
15,184,0,0
15,185,0,0
15,186,0,0
15,187,0,0
15,188,0,0
15,189,0,0
15,190,0,0
15,191,0,0
15,192,0,0
15,193,0,0
15,194,0,0
15,195,0,0
15,196,0,0
15,197,0,0
15,198,0,0
15,199,0,0
15,200,0,0
15,201,0,0
15,202,0,0
15,203,0,0
15,204,0,0
15,205,0,0
15,206,0,0
15,207,0,0
15,208,1,0
15,209,0,0
17,171,0,0
17,172,0,0
17,173,0,0
17,174,0,0
17,175,0,0
17,176,0,0
17,177,0,0
17,178,0,0
17,179,0,0
17,180,0,0
17,181,0,0
17,182,0,0
17,183,0,0
17,184,1030,2
17,185,0,0
17,186,0,0
17,187,0,0
17,188,0,0
17,189,0,0
17,190,0,0
17,191,0,0
17,192,0,0
17,193,0,0
17,194,0,0
17,195,0,0
17,196,0,0
17,197,0,0
17,198,0,0
17,199,0,0
17,200,0,0
17,201,0,0
17,202,0,0
17,203,0,0
17,204,0,0
17,205,0,0
17,206,0,0
17,207,0,0
17,208,0,0
17,209,0,0
21,171,0,0
21,172,0,0
21,173,0,0
21,174,0,0
21,175,0,0
21,176,0,0
21,177,0,0
21,178,0,0
21,179,0,0
21,180,0,0
21,181,0,0
21,182,0,0
21,183,20,20
21,184,0,0
21,185,0,0
21,186,0,0
21,187,0,0
21,188,0,0
21,189,0,0
21,190,0,0
21,191,0,0
21,192,0,0
21,193,0,0
21,194,0,0
21,195,5,5
21,196,0,0
21,197,0,0
21,198,0,0
21,199,18100,95
21,200,0,0
21,201,0,0
21,202,0,0
21,203,0,0
21,204,0,0
21,205,0,0
21,206,0,0
21,207,0,0
21,208,0,0
21,209,0,0
24,171,0,0
24,172,0,0
24,173,0,0
24,174,0,0
24,175,0,0
24,176,0,0
24,177,0,0
24,178,0,0
24,179,0,0
24,180,0,0
24,181,0,0
24,182,0,0
24,183,0,0
24,184,0,0
24,185,0,0
24,186,0,0
24,187,23000,1
24,188,0,0
24,189,0,0
24,190,0,0
24,191,0,0
24,192,0,0
24,193,0,0
24,194,0,0
24,195,0,0
24,196,0,0
24,197,0,0
24,198,0,0
24,199,0,0
24,200,0,0
24,201,0,0
24,202,0,0
24,203,0,0
24,204,0,0
24,205,0,0
24,206,0,0
24,207,0,0
24,208,287,1
24,209,0,0
26,171,0,0
26,172,0,0
26,173,0,0
26,174,0,0
26,175,0,0
26,176,0,0
26,177,0,0
26,178,185,20
26,179,0,0
26,180,0,0
26,181,0,0
26,182,0,0
26,183,0,0
26,184,0,0
26,185,0,0
26,186,0,0
26,187,3060,3
26,188,0,0
26,189,0,0
26,190,0,0
26,191,1,1
26,192,0,0
26,193,0,0
26,194,0,0
26,195,0,0
26,196,0,0
26,197,0,0
26,198,0,0
26,199,0,0
26,200,0,0
26,201,0,0
26,202,0,0
26,203,0,0
26,204,0,0
26,205,0,0
26,206,0,0
26,207,527,0
26,208,0,0
26,209,0,0
28,171,0,0
28,172,0,0
28,173,0,0
28,174,0,0
28,175,0,0
28,176,0,0
28,177,0,0
28,178,0,0
28,179,0,0
28,180,0,0
28,181,0,0
28,182,0,0
28,183,0,0
28,184,0,0
28,185,0,0
28,186,0,0
28,187,0,0
28,188,0,0
28,189,0,0
28,190,0,0
28,191,0,0
28,192,0,0
28,193,0,0
28,194,0,0
28,195,0,0
28,196,0,0
28,197,0,0
28,198,0,0
28,199,0,0
28,200,0,0
28,201,0,0
28,202,0,0
28,203,0,0
28,204,0,0
28,205,123,3
28,206,0,0
28,207,0,0
28,208,0,0
28,209,0,0
35,171,0,0
35,172,2350000,85
35,173,0,0
35,174,0,0
35,175,0,0
35,176,0,0
35,177,0,0
35,178,0,0
35,179,0,0
35,180,0,0
35,181,0,0
35,182,0,0
35,183,0,0
35,184,1530,4
35,185,0,0
35,186,1480000,180
35,187,0,0
35,188,5120,5
35,189,0,0
35,190,0,0
35,191,0,0
35,192,0,0
35,193,0,0
35,194,0,0
35,195,0,0
35,196,1840,3
35,197,0,0
35,198,53100,8
35,199,0,0
35,200,0,0
35,201,0,0
35,202,0,0
35,203,0,0
35,204,0,0
35,205,0,0
35,206,27700,11
35,207,0,0
35,208,25200,12
35,209,0,0
36,171,10000,10000
36,172,0,0
36,173,0,0
36,174,0,0
36,175,20000,20000
36,176,10000,10000
36,177,406000,242000
36,178,0,0
36,179,0,0
36,180,4190,82
36,181,0,0
36,182,26000,150
36,183,15,10
36,184,18700,34
36,185,0,0
36,186,16600,90
36,187,290,0
36,188,194000,0
36,189,1320000,939
36,190,246000,42
36,191,64500,127
36,192,283000,1
36,193,16000,0
36,194,143000,0
36,195,6650,1
36,196,1030000,71
36,197,5310000,353
36,198,775000,32
36,199,1190000,55
36,200,3040000,0
36,201,2110000,9
36,202,503000,8
36,203,65900,2
36,204,3150000,317
36,205,437000,4
36,206,634000,16
36,207,412000,23
36,208,332,3
36,209,47200000,87600
37,171,3440,430
37,172,0,0
37,173,0,0
37,174,0,0
37,175,0,0
37,176,0,0
37,177,0,0
37,178,0,0
37,179,0,0
37,180,12500,360
37,181,0,0
37,182,10,10
37,183,0,0
37,184,36500,250
37,185,0,0
37,186,0,0
37,187,0,0
37,188,0,0
37,189,0,0
37,190,0,0
37,191,0,0
37,192,869,2
37,193,1650,11
37,194,3070,2
37,195,37700,271
37,196,18300,55
37,197,0,0
37,198,0,0
37,199,0,0
37,200,1210000,1190
37,201,432,2
37,202,0,0
37,203,0,0
37,204,0,0
37,205,8540,1
37,206,0,0
37,207,0,0
37,208,175,0
37,209,0,0
39,171,0,0
39,172,0,0
39,173,0,0
39,174,0,0
39,175,0,0
39,176,0,0
39,177,0,0
39,178,0,0
39,179,0,0
39,180,0,0
39,181,0,0
39,182,0,0
39,183,0,0
39,184,0,0
39,185,0,0
39,186,0,0
39,187,0,0
39,188,0,0
39,189,0,0
39,190,0,0
39,191,0,0
39,192,0,0
39,193,320,9
39,194,0,0
39,195,0,0
39,196,0,0
39,197,0,0
39,198,0,0
39,199,0,0
39,200,0,0
39,201,0,0
39,202,0,0
39,203,0,0
39,204,0,0
39,205,0,0
39,206,0,0
39,207,0,0
39,208,0,0
39,209,13000,7
40,171,0,0
40,172,0,0
40,173,0,0
40,174,0,0
40,175,0,0
40,176,0,0
40,177,0,0
40,178,0,0
40,179,0,0
40,180,0,0
40,181,0,0
40,182,0,0
40,183,0,0
40,184,0,0
40,185,0,0
40,186,0,0
40,187,0,0
40,188,0,0
40,189,0,0
40,190,0,0
40,191,0,0
40,192,0,0
40,193,0,0
40,194,0,0
40,195,0,0
40,196,0,0
40,197,0,0
40,198,0,0
40,199,0,0
40,200,0,0
40,201,0,0
40,202,0,0
40,203,0,0
40,204,0,0
40,205,0,0
40,206,1510,6
40,207,0,0
40,208,0,0
40,209,0,0
41,171,0,0
41,172,0,0
41,173,0,0
41,174,3770,21
41,175,0,0
41,176,0,0
41,177,0,0
41,178,0,0
41,179,0,0
41,180,0,0
41,181,0,0
41,182,0,0
41,183,0,0
41,184,5550,12
41,185,0,0
41,186,0,0
41,187,0,0
41,188,0,0
41,189,0,0
41,190,0,0
41,191,14600,1
41,192,10600,47
41,193,0,0
41,194,243,3
41,195,0,0
41,196,0,0
41,197,0,0
41,198,0,0
41,199,0,0
41,200,0,0
41,201,0,0
41,202,0,0
41,203,0,0
41,204,137,2
41,205,288,8
41,206,0,0
41,207,0,0
41,208,0,0
41,209,0,0
43,171,0,0
43,172,0,0
43,173,0,0
43,174,0,0
43,175,0,0
43,176,0,0
43,177,0,0
43,178,0,0
43,179,0,0
43,180,0,0
43,181,0,0
43,182,0,0
43,183,0,0
43,184,0,0
43,185,0,0
43,186,0,0
43,187,0,0
43,188,0,0
43,189,0,0
43,190,0,0
43,191,0,0
43,192,0,0
43,193,0,0
43,194,0,0
43,195,0,0
43,196,0,0
43,197,2000,0
43,198,0,0
43,199,0,0
43,200,0,0
43,201,0,0
43,202,0,0
43,203,0,0
43,204,0,0
43,205,0,0
43,206,0,0
43,207,0,0
43,208,0,0
43,209,0,0
44,171,0,0
44,172,0,0
44,173,0,0
44,174,0,0
44,175,0,0
44,176,0,0
44,177,9,1
44,178,0,0
44,179,0,0
44,180,0,0
44,181,0,0
44,182,0,0
44,183,0,0
44,184,0,0
44,185,0,0
44,186,0,0
44,187,0,0
44,188,0,0
44,189,0,0
44,190,0,0
44,191,0,0
44,192,0,0
44,193,5870,0
44,194,0,0
44,195,0,0
44,196,0,0
44,197,0,0
44,198,0,0
44,199,0,0
44,200,0,0
44,201,0,0
44,202,0,0
44,203,0,0
44,204,0,0
44,205,0,0
44,206,0,0
44,207,0,0
44,208,0,0
44,209,0,0
45,171,0,0
45,172,0,0
45,173,0,0
45,174,0,0
45,175,0,0
45,176,0,0
45,177,0,0
45,178,0,0
45,179,0,0
45,180,0,0
45,181,0,0
45,182,0,0
45,183,0,0
45,184,0,0
45,185,0,0
45,186,0,0
45,187,0,0
45,188,0,0
45,189,0,0
45,190,0,0
45,191,0,0
45,192,0,0
45,193,0,0
45,194,0,0
45,195,0,0
45,196,1870,2
45,197,0,0
45,198,0,0
45,199,0,0
45,200,0,0
45,201,0,0
45,202,0,0
45,203,0,0
45,204,0,0
45,205,0,0
45,206,0,0
45,207,0,0
45,208,0,0
45,209,0,0
49,171,0,0
49,172,0,0
49,173,0,0
49,174,0,0
49,175,0,0
49,176,0,0
49,177,0,0
49,178,0,0
49,179,0,0
49,180,0,0
49,181,0,0
49,182,0,0
49,183,0,0
49,184,0,0
49,185,0,0
49,186,0,0
49,187,0,0
49,188,0,0
49,189,0,0
49,190,0,0
49,191,0,0
49,192,0,0
49,193,0,0
49,194,0,0
49,195,0,0
49,196,0,0
49,197,0,0
49,198,0,0
49,199,0,0
49,200,0,0
49,201,0,0
49,202,0,0
49,203,0,0
49,204,0,0
49,205,100,0
49,206,0,0
49,207,0,0
49,208,0,0
49,209,0,0
50,171,0,0
50,172,0,0
50,173,0,0
50,174,0,0
50,175,0,0
50,176,0,0
50,177,0,0
50,178,0,0
50,179,0,0
50,180,0,0
50,181,0,0
50,182,0,0
50,183,0,0
50,184,0,0
50,185,0,0
50,186,0,0
50,187,0,0
50,188,0,0
50,189,0,0
50,190,0,0
50,191,0,0
50,192,0,0
50,193,0,0
50,194,0,0
50,195,0,0
50,196,0,0
50,197,0,0
50,198,0,0
50,199,0,0
50,200,0,0
50,201,0,0
50,202,0,0
50,203,0,0
50,204,2020,3
50,205,0,0
50,206,0,0
50,207,0,0
50,208,0,0
50,209,0,0
51,171,88100,29
51,172,0,0
51,173,0,0
51,174,0,0
51,175,0,0
51,176,0,0
51,177,20000,20
51,178,0,0
51,179,0,0
51,180,0,0
51,181,48,8
51,182,0,0
51,183,0,0
51,184,0,0
51,185,0,0
51,186,0,0
51,187,0,0
51,188,155000,5000
51,189,0,0
51,190,0,0
51,191,6510,4
51,192,0,0
51,193,0,0
51,194,0,0
51,195,0,0
51,196,893,3
51,197,30700,27
51,198,0,0
51,199,2040,3
51,200,0,0
51,201,0,0
51,202,0,0
51,203,0,0
51,204,0,0
51,205,0,0
51,206,0,0
51,207,0,0
51,208,0,0
51,209,0,0
52,171,0,0
52,172,0,0
52,173,0,0
52,174,0,0
52,175,0,0
52,176,0,0
52,177,0,0
52,178,0,0
52,179,0,0
52,180,0,0
52,181,0,0
52,182,0,0
52,183,0,0
52,184,0,0
52,185,0,0
52,186,0,0
52,187,0,0
52,188,0,0
52,189,0,0
52,190,0,0
52,191,0,0
52,192,0,0
52,193,93200,552
52,194,0,0
52,195,0,0
52,196,79,10
52,197,0,0
52,198,0,0
52,199,0,0
52,200,0,0
52,201,0,0
52,202,0,0
52,203,250,0
52,204,0,0
52,205,0,0
52,206,0,0
52,207,0,0
52,208,0,0
52,209,0,0
53,171,0,0
53,172,0,0
53,173,0,0
53,174,0,0
53,175,0,0
53,176,0,0
53,177,0,0
53,178,0,0
53,179,0,0
53,180,0,0
53,181,0,0
53,182,0,0
53,183,32500,20
53,184,0,0
53,185,0,0
53,186,0,0
53,187,771000,1100
53,188,0,0
53,189,0,0
53,190,0,0
53,191,0,0
53,192,0,0
53,193,0,0
53,194,0,0
53,195,0,0
53,196,0,0
53,197,0,0
53,198,0,0
53,199,0,0
53,200,0,0
53,201,0,0
53,202,1590000,1160
53,203,0,0
53,204,0,0
53,205,0,0
53,206,752,1
53,207,16500,0
53,208,0,0
53,209,0,0
58,171,0,0
58,172,0,0
58,173,0,0
58,174,0,0
58,175,0,0
58,176,0,0
58,177,0,0
58,178,0,0
58,179,0,0
58,180,0,0
58,181,0,0
58,182,0,0
58,183,0,0
58,184,0,0
58,185,0,0
58,186,0,0
58,187,0,0
58,188,0,0
58,189,0,0
58,190,0,0
58,191,0,0
58,192,0,0
58,193,0,0
58,194,0,0
58,195,0,0
58,196,0,0
58,197,0,0
58,198,0,0
58,199,0,0
58,200,0,0
58,201,0,0
58,202,0,0
58,203,0,0
58,204,0,0
58,205,0,0
58,206,0,0
58,207,0,0
58,208,0,0
58,209,0,0
63,171,0,0
63,172,0,0
63,173,0,0
63,174,0,0
63,175,0,0
63,176,0,0
63,177,0,0
63,178,0,0
63,179,0,0
63,180,0,0
63,181,0,0
63,182,0,0
63,183,0,0
63,184,0,0
63,185,0,0
63,186,0,0
63,187,0,0
63,188,0,0
63,189,0,0
63,190,0,0
63,191,0,0
63,192,3750,8
63,193,11,1
63,194,0,0
63,195,0,0
63,196,0,0
63,197,0,0
63,198,0,0
63,199,0,0
63,200,0,0
63,201,0,0
63,202,0,0
63,203,19200,6
63,204,0,0
63,205,0,0
63,206,0,0
63,207,0,0
63,208,0,0
63,209,0,0
64,171,0,0
64,172,0,0
64,173,0,0
64,174,0,0
64,175,0,0
64,176,0,0
64,177,0,0
64,178,0,0
64,179,0,0
64,180,0,0
64,181,0,0
64,182,0,0
64,183,0,0
64,184,0,0
64,185,0,0
64,186,0,0
64,187,0,0
64,188,0,0
64,189,0,0
64,190,0,0
64,191,0,0
64,192,0,0
64,193,1530,1
64,194,0,0
64,195,0,0
64,196,0,0
64,197,0,0
64,198,0,0
64,199,0,0
64,200,0,0
64,201,0,0
64,202,0,0
64,203,0,0
64,204,0,0
64,205,150,0
64,206,0,0
64,207,0,0
64,208,0,0
64,209,0,0
66,171,0,0
66,172,0,0
66,173,0,0
66,174,0,0
66,175,0,0
66,176,0,0
66,177,0,0
66,178,0,0
66,179,600000,50
66,180,48,48
66,181,18,1
66,182,80900,24
66,183,0,0
66,184,487,0
66,185,0,0
66,186,186,0
66,187,45300,20
66,188,0,0
66,189,25,0
66,190,0,0
66,191,62,1
66,192,0,0
66,193,0,0
66,194,2120,1
66,195,0,0
66,196,29000,52
66,197,1500,0
66,198,0,0
66,199,0,0
66,200,115000,143
66,201,600,0
66,202,300,0
66,203,167,0
66,204,50,0
66,205,0,0
66,206,0,0
66,207,0,0
66,208,0,0
66,209,3710,2
68,171,0,0
68,172,0,0
68,173,0,0
68,174,0,0
68,175,0,0
68,176,0,0
68,177,5020000,23000
68,178,0,0
68,179,0,0
68,180,2040,0
68,181,0,0
68,182,0,0
68,183,20,20
68,184,0,0
68,185,0,0
68,186,5000,0
68,187,2500,0
68,188,0,0
68,189,2060,5
68,190,0,0
68,191,0,0
68,192,23900,14
68,193,0,0
68,194,0,0
68,195,0,0
68,196,0,0
68,197,0,0
68,198,0,0
68,199,0,0
68,200,282,2
68,201,0,0
68,202,158,6
68,203,0,0
68,204,0,0
68,205,0,0
68,206,0,0
68,207,0,0
68,208,0,0
68,209,0,0
69,171,0,0
69,172,0,0
69,173,0,0
69,174,0,0
69,175,0,0
69,176,0,0
69,177,0,0
69,178,0,0
69,179,0,0
69,180,0,0
69,181,0,0
69,182,0,0
69,183,0,0
69,184,21700,275
69,185,0,0
69,186,0,0
69,187,0,0
69,188,0,0
69,189,0,0
69,190,0,0
69,191,0,0
69,192,0,0
69,193,0,0
69,194,0,0
69,195,0,0
69,196,0,0
69,197,0,0
69,198,0,0
69,199,0,0
69,200,0,0
69,201,0,0
69,202,0,0
69,203,0,0
69,204,0,0
69,205,0,0
69,206,0,0
69,207,0,0
69,208,0,0
69,209,0,0
74,171,0,0
74,172,0,0
74,173,0,0
74,174,0,0
74,175,0,0
74,176,0,0
74,177,0,0
74,178,0,0
74,179,0,0
74,180,0,0
74,181,2,2
74,182,0,0
74,183,500,0
74,184,0,0
74,185,0,0
74,186,0,0
74,187,0,0
74,188,0,0
74,189,0,0
74,190,0,0
74,191,0,0
74,192,0,0
74,193,0,0
74,194,0,0
74,195,0,0
74,196,0,0
74,197,0,0
74,198,0,0
74,199,0,0
74,200,0,0
74,201,0,0
74,202,0,0
74,203,0,0
74,204,0,0
74,205,0,0
74,206,0,0
74,207,0,0
74,208,1880,0
74,209,0,0
76,171,0,0
76,172,0,0
76,173,0,0
76,174,0,0
76,175,0,0
76,176,0,0
76,177,7,1
76,178,0,0
76,179,0,0
76,180,0,0
76,181,0,0
76,182,0,0
76,183,0,0
76,184,0,0
76,185,0,0
76,186,0,0
76,187,0,0
76,188,0,0
76,189,0,0
76,190,0,0
76,191,0,0
76,192,0,0
76,193,0,0
76,194,0,0
76,195,0,0
76,196,0,0
76,197,0,0
76,198,0,0
76,199,0,0
76,200,0,0
76,201,199,0
76,202,0,0
76,203,0,0
76,204,0,0
76,205,0,0
76,206,0,0
76,207,0,0
76,208,0,0
76,209,0,0
77,171,26,26
77,172,0,0
77,173,100,100
77,174,0,0
77,175,0,0
77,176,47,47
77,177,0,0
77,178,0,0
77,179,0,0
77,180,0,0
77,181,61,13
77,182,212,212
77,183,0,0
77,184,0,0
77,185,10900,20
77,186,0,0
77,187,36,6
77,188,0,0
77,189,20000000,384
77,190,0,0
77,191,0,0
77,192,55900,1500
77,193,0,0
77,194,40300,9750
77,195,0,0
77,196,0,0
77,197,0,0
77,198,157000,43
77,199,0,0
77,200,478000,100
77,201,0,0
77,202,6340000,20000
77,203,202,2
77,204,0,0
77,205,0,0
77,206,158000,1310
77,207,0,0
77,208,0,0
77,209,0,0
78,171,0,0
78,172,0,0
78,173,0,0
78,174,0,0
78,175,0,0
78,176,0,0
78,177,478000,1130
78,178,4190,187
78,179,0,0
78,180,86300,99
78,181,20000,0
78,182,2990,306
78,183,23800,13
78,184,100,0
78,185,1950,2
78,186,17,10
78,187,0,0
78,188,32200,127
78,189,0,0
78,190,23000,120
78,191,9320,6
78,192,17200,28
78,193,102000,2500
78,194,0,0
78,195,261000,454
78,196,92000,99
78,197,38800,175
78,198,3130,20
78,199,6980,34
78,200,16900,5
78,201,270000,149
78,202,12500,0
78,203,11900,11
78,204,3250,1
78,205,141000,108
78,206,107000,916
78,207,3190000,5790
78,208,620000,95
78,209,10700,11
79,171,10200,176
79,172,0,0
79,173,28500,5060
79,174,0,0
79,175,0,0
79,176,0,0
79,177,16,16
79,178,422000,1110
79,179,65100,25000
79,180,20800,565
79,181,150,50
79,182,37200,3200
79,183,0,0
79,184,7520,33
79,185,0,0
79,186,7080,1
79,187,1910,1
79,188,3980,2
79,189,16600,1
79,190,1820,100
79,191,772000,40000
79,192,1500,0
79,193,4060,5
79,194,5080,24
79,195,16700,14
79,196,0,0
79,197,0,0
79,198,226000,2770
79,199,9310,22
79,200,7060,21
79,201,3020,1
79,202,1000,0
79,203,147000,230
79,204,324000,26800
79,205,533,35
79,206,118000,625
79,207,169000,63
79,208,0,0
79,209,20700,6
80,171,0,0
80,172,0,0
80,173,0,0
80,174,0,0
80,175,0,0
80,176,0,0
80,177,0,0
80,178,0,0
80,179,0,0
80,180,0,0
80,181,0,0
80,182,0,0
80,183,0,0
80,184,0,0
80,185,0,0
80,186,0,0
80,187,0,0
80,188,0,0
80,189,0,0
80,190,0,0
80,191,0,0
80,192,520,20
80,193,0,0
80,194,0,0
80,195,0,0
80,196,0,0
80,197,0,0
80,198,0,0
80,199,0,0
80,200,0,0
80,201,0,0
80,202,0,0
80,203,0,0
80,204,0,0
80,205,0,0
80,206,0,0
80,207,0,0
80,208,0,0
80,209,0,0
83,171,0,0
83,172,4240,22
83,173,451,1
83,174,0,0
83,175,0,0
83,176,0,0
83,177,251000,934
83,178,0,0
83,179,905,5
83,180,5010,5
83,181,405000,4690
83,182,318,12
83,183,6000,0
83,184,21000,0
83,185,9590,4
83,186,0,0
83,187,0,0
83,188,0,0
83,189,0,0
83,190,0,0
83,191,2740,21
83,192,0,0
83,193,0,0
83,194,0,0
83,195,0,0
83,196,0,0
83,197,0,0
83,198,38100,14
83,199,905,0
83,200,0,0
83,201,0,0
83,202,0,0
83,203,9570,30
83,204,232,0
83,205,0,0
83,206,0,0
83,207,0,0
83,208,0,0
83,209,0,0
85,171,0,0
85,172,0,0
85,173,0,0
85,174,0,0
85,175,103,30
85,176,0,0
85,177,0,0
85,178,0,0
85,179,2650,49
85,180,27,27
85,181,82,2
85,182,0,0
85,183,1100,0
85,184,208,103
85,185,29,20
85,186,20,0
85,187,0,0
85,188,22700,2
85,189,0,0
85,190,0,0
85,191,0,0
85,192,0,0
85,193,32,0
85,194,18100,241
85,195,1790,7
85,196,549000,5300
85,197,0,0
85,198,0,0
85,199,0,0
85,200,0,0
85,201,7230,1
85,202,11300,2
85,203,0,0
85,204,21300,2
85,205,62200,40
85,206,4430,1
85,207,0,0
85,208,55200,10
85,209,841,14
87,171,0,0
87,172,0,0
87,173,0,0
87,174,0,0
87,175,0,0
87,176,0,0
87,177,0,0
87,178,0,0
87,179,0,0
87,180,0,0
87,181,0,0
87,182,0,0
87,183,0,0
87,184,0,0
87,185,0,0
87,186,0,0
87,187,0,0
87,188,0,0
87,189,0,0
87,190,0,0
87,191,0,0
87,192,0,0
87,193,0,0
87,194,0,0
87,195,0,0
87,196,0,0
87,197,0,0
87,198,0,0
87,199,0,0
87,200,0,0
87,201,0,0
87,202,0,0
87,203,0,0
87,204,36600,3
87,205,0,0
87,206,0,0
87,207,0,0
87,208,0,0
87,209,0,0
88,171,0,0
88,172,0,0
88,173,0,0
88,174,0,0
88,175,0,0
88,176,0,0
88,177,0,0
88,178,0,0
88,179,0,0
88,180,0,0
88,181,0,0
88,182,0,0
88,183,0,0
88,184,0,0
88,185,0,0
88,186,0,0
88,187,0,0
88,188,0,0
88,189,0,0
88,190,0,0
88,191,0,0
88,192,0,0
88,193,0,0
88,194,0,0
88,195,0,0
88,196,0,0
88,197,0,0
88,198,0,0
88,199,0,0
88,200,0,0
88,201,0,0
88,202,0,0
88,203,0,0
88,204,0,0
88,205,0,0
88,206,0,0
88,207,0,0
88,208,0,0
88,209,0,0
91,171,0,0
91,172,0,0
91,173,0,0
91,174,0,0
91,175,0,0
91,176,0,0
91,177,0,0
91,178,0,0
91,179,0,0
91,180,0,0
91,181,0,0
91,182,0,0
91,183,0,0
91,184,0,0
91,185,0,0
91,186,0,0
91,187,0,0
91,188,0,0
91,189,0,0
91,190,0,0
91,191,0,0
91,192,0,0
91,193,137000,58
91,194,0,0
91,195,0,0
91,196,0,0
91,197,0,0
91,198,1230,0
91,199,0,0
91,200,0,0
91,201,0,0
91,202,0,0
91,203,0,0
91,204,0,0
91,205,0,0
91,206,0,0
91,207,12100,0
91,208,0,0
91,209,4270,74
103,171,0,0
103,172,0,0
103,173,0,0
103,174,0,0
103,175,0,0
103,176,0,0
103,177,0,0
103,178,0,0
103,179,0,0
103,180,0,0
103,181,0,0
103,182,0,0
103,183,0,0
103,184,0,0
103,185,0,0
103,186,0,0
103,187,0,0
103,188,0,0
103,189,0,0
103,190,50100,9
103,191,0,0
103,192,0,0
103,193,0,0
103,194,0,0
103,195,0,0
103,196,0,0
103,197,0,0
103,198,0,0
103,199,0,0
103,200,0,0
103,201,0,0
103,202,0,0
103,203,0,0
103,204,0,0
103,205,0,0
103,206,0,0
103,207,0,0
103,208,0,0
103,209,0,0
111,171,0,0
111,172,0,0
111,173,0,0
111,174,517,517
111,175,0,0
111,176,0,0
111,177,0,0
111,178,0,0
111,179,3860,9
111,180,7540,5
111,181,6430,67
111,182,31,3
111,183,26,9
111,184,0,0
111,185,0,0
111,186,2140000,9500
111,187,0,0
111,188,3050,2
111,189,0,0
111,190,353,3
111,191,0,0
111,192,0,0
111,193,0,0
111,194,0,0
111,195,0,0
111,196,67200,64
111,197,0,0
111,198,17000,1
111,199,0,0
111,200,138000,46
111,201,1,0
111,202,0,0
111,203,0,0
111,204,179000,29
111,205,0,0
111,206,0,0
111,207,0,0
111,208,0,0
111,209,0,0
117,171,0,0
117,172,0,0
117,173,0,0
117,174,0,0
117,175,0,0
117,176,0,0
117,177,0,0
117,178,0,0
117,179,0,0
117,180,0,0
117,181,0,0
117,182,0,0
117,183,0,0
117,184,0,0
117,185,0,0
117,186,0,0
117,187,0,0
117,188,0,0
117,189,0,0
117,190,0,0
117,191,0,0
117,192,0,0
117,193,0,0
117,194,0,0
117,195,0,0
117,196,0,0
117,197,0,0
117,198,0,0
117,199,0,0
117,200,0,0
117,201,0,0
117,202,0,0
117,203,0,0
117,204,0,0
117,205,14100,628
117,206,0,0
117,207,0,0
117,208,0,0
117,209,0,0
118,171,0,0
118,172,0,0
118,173,0,0
118,174,0,0
118,175,0,0
118,176,0,0
118,177,0,0
118,178,0,0
118,179,0,0
118,180,0,0
118,181,0,0
118,182,0,0
118,183,0,0
118,184,0,0
118,185,0,0
118,186,0,0
118,187,0,0
118,188,0,0
118,189,0,0
118,190,0,0
118,191,0,0
118,192,0,0
118,193,0,0
118,194,0,0
118,195,0,0
118,196,0,0
118,197,0,0
118,198,0,0
118,199,0,0
118,200,0,0
118,201,0,0
118,202,0,0
118,203,0,0
118,204,0,0
118,205,0,0
118,206,0,0
118,207,1480,4
118,208,0,0
118,209,0,0
119,171,0,0
119,172,0,0
119,173,0,0
119,174,0,0
119,175,0,0
119,176,0,0
119,177,0,0
119,178,0,0
119,179,0,0
119,180,0,0
119,181,0,0
119,182,0,0
119,183,0,0
119,184,0,0
119,185,0,0
119,186,0,0
119,187,0,0
119,188,0,0
119,189,0,0
119,190,0,0
119,191,0,0
119,192,160,0
119,193,0,0
119,194,0,0
119,195,0,0
119,196,0,0
119,197,0,0
119,198,0,0
119,199,0,0
119,200,0,0
119,201,0,0
119,202,0,0
119,203,0,0
119,204,0,0
119,205,0,0
119,206,0,0
119,207,0,0
119,208,0,0
119,209,0,0
122,171,0,0
122,172,0,0
122,173,0,0
122,174,0,0
122,175,0,0
122,176,0,0
122,177,0,0
122,178,0,0
122,179,0,0
122,180,0,0
122,181,241000,100
122,182,0,0
122,183,0,0
122,184,0,0
122,185,0,0
122,186,0,0
122,187,0,0
122,188,0,0
122,189,302000,709
122,190,0,0
122,191,0,0
122,192,0,0
122,193,0,0
122,194,285,0
122,195,0,0
122,196,0,0
122,197,0,0
122,198,0,0
122,199,0,0
122,200,0,0
122,201,0,0
122,202,0,0
122,203,0,0
122,204,0,0
122,205,0,0
122,206,0,0
122,207,0,0
122,208,0,0
122,209,0,0
123,171,0,0
123,172,0,0
123,173,0,0
123,174,0,0
123,175,0,0
123,176,0,0
123,177,0,0
123,178,0,0
123,179,0,0
123,180,0,0
123,181,0,0
123,182,0,0
123,183,0,0
123,184,0,0
123,185,0,0
123,186,0,0
123,187,0,0
123,188,0,0
123,189,0,0
123,190,0,0
123,191,0,0
123,192,0,0
123,193,20,0
123,194,0,0
123,195,0,0
123,196,0,0
123,197,0,0
123,198,0,0
123,199,0,0
123,200,0,0
123,201,0,0
123,202,0,0
123,203,0,0
123,204,0,0
123,205,0,0
123,206,0,0
123,207,0,0
123,208,0,0
123,209,0,0
124,171,0,0
124,172,0,0
124,173,0,0
124,174,0,0
124,175,0,0
124,176,0,0
124,177,0,0
124,178,0,0
124,179,0,0
124,180,0,0
124,181,0,0
124,182,0,0
124,183,0,0
124,184,0,0
124,185,0,0
124,186,0,0
124,187,0,0
124,188,7030,1
124,189,0,0
124,190,0,0
124,191,0,0
124,192,0,0
124,193,0,0
124,194,0,0
124,195,0,0
124,196,0,0
124,197,0,0
124,198,0,0
124,199,0,0
124,200,0,0
124,201,0,0
124,202,0,0
124,203,0,0
124,204,0,0
124,205,0,0
124,206,0,0
124,207,0,0
124,208,0,0
124,209,0,0
125,171,0,0
125,172,0,0
125,173,730000,10000
125,174,0,0
125,175,0,0
125,176,0,0
125,177,0,0
125,178,0,0
125,179,0,0
125,180,0,0
125,181,0,0
125,182,0,0
125,183,0,0
125,184,0,0
125,185,0,0
125,186,0,0
125,187,0,0
125,188,0,0
125,189,0,0
125,190,0,0
125,191,0,0
125,192,0,0
125,193,6360,179
125,194,0,0
125,195,0,0
125,196,0,0
125,197,0,0
125,198,0,0
125,199,238,0
125,200,0,0
125,201,7480,7
125,202,0,0
125,203,0,0
125,204,0,0
125,205,0,0
125,206,0,0
125,207,0,0
125,208,0,0
125,209,0,0
128,171,0,0
128,172,0,0
128,173,0,0
128,174,0,0
128,175,0,0
128,176,0,0
128,177,0,0
128,178,0,0
128,179,0,0
128,180,0,0
128,181,0,0
128,182,0,0
128,183,0,0
128,184,0,0
128,185,0,0
128,186,0,0
128,187,0,0
128,188,0,0
128,189,0,0
128,190,0,0
128,191,0,0
128,192,0,0
128,193,0,0
128,194,0,0
128,195,0,0
128,196,0,0
128,197,0,0
128,198,0,0
128,199,0,0
128,200,0,0
128,201,0,0
128,202,0,0
128,203,0,0
128,204,0,0
128,205,0,0
128,206,0,0
128,207,0,0
128,208,0,0
128,209,0,0
131,171,0,0
131,172,0,0
131,173,0,0
131,174,0,0
131,175,54900,4700
131,176,0,0
131,177,0,0
131,178,0,0
131,179,0,0
131,180,0,0
131,181,0,0
131,182,2490,256
131,183,0,0
131,184,567,24
131,185,16,4
131,186,12000,5
131,187,750,0
131,188,0,0
131,189,0,0
131,190,0,0
131,191,318,22
131,192,205000,300
131,193,2140,40
131,194,0,0
131,195,0,0
131,196,0,0
131,197,0,0
131,198,10200,50
131,199,612,1
131,200,0,0
131,201,0,0
131,202,914000,12
131,203,156000,36
131,204,0,0
131,205,13200,24
131,206,5200000,73300
131,207,0,0
131,208,0,0
131,209,75500,166
134,171,0,0
134,172,0,0
134,173,0,0
134,174,0,0
134,175,0,0
134,176,0,0
134,177,0,0
134,178,0,0
134,179,0,0
134,180,0,0
134,181,0,0
134,182,0,0
134,183,0,0
134,184,0,0
134,185,0,0
134,186,0,0
134,187,0,0
134,188,0,0
134,189,0,0
134,190,0,0
134,191,0,0
134,192,20100,30
134,193,0,0
134,194,0,0
134,195,0,0
134,196,0,0
134,197,0,0
134,198,0,0
134,199,0,0
134,200,0,0
134,201,0,0
134,202,0,0
134,203,0,0
134,204,1420,2
134,205,0,0
134,206,0,0
134,207,0,0
134,208,0,0
134,209,0,0
135,171,15,15
135,172,0,0
135,173,0,0
135,174,0,0
135,175,0,0
135,176,0,0
135,177,0,0
135,178,0,0
135,179,0,0
135,180,0,0
135,181,0,0
135,182,0,0
135,183,0,0
135,184,10,10
135,185,0,0
135,186,0,0
135,187,1000,0
135,188,4000,1
135,189,0,0
135,190,0,0
135,191,0,0
135,192,0,0
135,193,0,0
135,194,20300,53
135,195,0,0
135,196,0,0
135,197,0,0
135,198,0,0
135,199,0,0
135,200,0,0
135,201,5000,1
135,202,201,0
135,203,5480,5
135,204,0,0
135,205,0,0
135,206,201,1
135,207,0,0
135,208,0,0
135,209,0,0
137,171,3300000,66800
137,172,0,0
137,173,1580000,12
137,174,0,0
137,175,43800,78
137,176,0,0
137,177,0,0
137,178,0,0
137,179,0,0
137,180,1110,13
137,181,3010,7
137,182,12300,18
137,183,3,3
137,184,10,10
137,185,0,0
137,186,400,0
137,187,8200,16
137,188,0,0
137,189,0,0
137,190,0,0
137,191,101000,200
137,192,47400,64
137,193,0,0
137,194,151,6
137,195,0,0
137,196,0,0
137,197,76000,14
137,198,0,0
137,199,0,0
137,200,8130,1
137,201,0,0
137,202,354000,151
137,203,0,0
137,204,0,0
137,205,0,0
137,206,2510,5
137,207,0,0
137,208,481000,519
137,209,0,0
138,171,214,14
138,172,0,0
138,173,0,0
138,174,78,14
138,175,0,0
138,176,0,0
138,177,187000,6000
138,178,60000,1
138,179,0,0
138,180,0,0
138,181,0,0
138,182,0,0
138,183,0,0
138,184,1920,19
138,185,0,0
138,186,177,2
138,187,0,0
138,188,0,0
138,189,0,0
138,190,0,0
138,191,1630000,2420
138,192,0,0
138,193,0,0
138,194,0,0
138,195,271000,81
138,196,0,0
138,197,0,0
138,198,0,0
138,199,0,0
138,200,196,6
138,201,0,0
138,202,0,0
138,203,73500,15
138,204,0,0
138,205,0,0
138,206,0,0
138,207,0,0
138,208,0,0
138,209,0,0
139,171,0,0
139,172,0,0
139,173,0,0
139,174,0,0
139,175,0,0
139,176,0,0
139,177,0,0
139,178,0,0
139,179,0,0
139,180,0,0
139,181,0,0
139,182,0,0
139,183,1050,0
139,184,0,0
139,185,0,0
139,186,0,0
139,187,0,0
139,188,0,0
139,189,0,0
139,190,0,0
139,191,0,0
139,192,0,0
139,193,0,0
139,194,0,0
139,195,0,0
139,196,0,0
139,197,0,0
139,198,0,0
139,199,0,0
139,200,0,0
139,201,0,0
139,202,0,0
139,203,0,0
139,204,0,0
139,205,0,0
139,206,0,0
139,207,0,0
139,208,0,0
139,209,0,0
142,171,0,0
142,172,0,0
142,173,0,0
142,174,0,0
142,175,0,0
142,176,0,0
142,177,0,0
142,178,388000,1640
142,179,0,0
142,180,0,0
142,181,0,0
142,182,0,0
142,183,0,0
142,184,0,0
142,185,0,0
142,186,0,0
142,187,0,0
142,188,0,0
142,189,0,0
142,190,0,0
142,191,709,9
142,192,5850,0
142,193,0,0
142,194,0,0
142,195,0,0
142,196,0,0
142,197,0,0
142,198,0,0
142,199,0,0
142,200,0,0
142,201,0,0
142,202,0,0
142,203,0,0
142,204,0,0
142,205,0,0
142,206,0,0
142,207,0,0
142,208,0,0
142,209,0,0
143,171,0,0
143,172,0,0
143,173,0,0
143,174,0,0
143,175,0,0
143,176,0,0
143,177,0,0
143,178,0,0
143,179,0,0
143,180,0,0
143,181,0,0
143,182,0,0
143,183,0,0
143,184,0,0
143,185,0,0
143,186,0,0
143,187,0,0
143,188,0,0
143,189,0,0
143,190,0,0
143,191,0,0
143,192,0,0
143,193,0,0
143,194,0,0
143,195,2350,11
143,196,2740,1990
143,197,0,0
143,198,0,0
143,199,0,0
143,200,11300,1
143,201,19100,0
143,202,0,0
143,203,0,0
143,204,1810,3
143,205,138,0
143,206,0,0
143,207,12000,0
143,208,7510,2
143,209,5250,13
144,171,0,0
144,172,0,0
144,173,0,0
144,174,0,0
144,175,0,0
144,176,0,0
144,177,0,0
144,178,0,0
144,179,0,0
144,180,0,0
144,181,0,0
144,182,0,0
144,183,0,0
144,184,0,0
144,185,0,0
144,186,0,0
144,187,0,0
144,188,0,0
144,189,0,0
144,190,0,0
144,191,0,0
144,192,0,0
144,193,0,0
144,194,0,0
144,195,0,0
144,196,0,0
144,197,0,0
144,198,0,0
144,199,0,0
144,200,0,0
144,201,0,0
144,202,0,0
144,203,1690,45
144,204,0,0
144,205,0,0
144,206,0,0
144,207,0,0
144,208,0,0
144,209,679,36
155,171,0,0
155,172,0,0
155,173,0,0
155,174,0,0
155,175,0,0
155,176,0,0
155,177,0,0
155,178,0,0
155,179,0,0
155,180,0,0
155,181,0,0
155,182,0,0
155,183,0,0
155,184,0,0
155,185,0,0
155,186,0,0
155,187,0,0
155,188,0,0
155,189,0,0
155,190,0,0
155,191,0,0
155,192,0,0
155,193,0,0
155,194,0,0
155,195,0,0
155,196,0,0
155,197,0,0
155,198,0,0
155,199,700,0
155,200,0,0
155,201,0,0
155,202,0,0
155,203,0,0
155,204,0,0
155,205,606,1
155,206,0,0
155,207,0,0
155,208,0,0
155,209,0,0
156,171,0,0
156,172,0,0
156,173,0,0
156,174,0,0
156,175,0,0
156,176,0,0
156,177,0,0
156,178,1030,34
156,179,0,0
156,180,0,0
156,181,0,0
156,182,0,0
156,183,0,0
156,184,0,0
156,185,0,0
156,186,0,0
156,187,0,0
156,188,0,0
156,189,501,1
156,190,0,0
156,191,0,0
156,192,0,0
156,193,0,0
156,194,0,0
156,195,0,0
156,196,0,0
156,197,0,0
156,198,0,0
156,199,0,0
156,200,0,0
156,201,0,0
156,202,0,0
156,203,0,0
156,204,0,0
156,205,0,0
156,206,0,0
156,207,0,0
156,208,0,0
156,209,0,0
158,171,0,0
158,172,0,0
158,173,0,0
158,174,0,0
158,175,0,0
158,176,0,0
158,177,0,0
158,178,0,0
158,179,0,0
158,180,0,0
158,181,0,0
158,182,0,0
158,183,17,17
158,184,0,0
158,185,0,0
158,186,0,0
158,187,0,0
158,188,319,9
158,189,36,8
158,190,0,0
158,191,16,10
158,192,0,0
158,193,0,0
158,194,0,0
158,195,0,0
158,196,0,0
158,197,0,0
158,198,61,15
158,199,0,0
158,200,0,0
158,201,0,0
158,202,0,0
158,203,0,0
158,204,0,0
158,205,0,0
158,206,60,2
158,207,0,0
158,208,0,0
158,209,0,0
161,171,0,0
161,172,0,0
161,173,0,0
161,174,0,0
161,175,0,0
161,176,0,0
161,177,0,0
161,178,0,0
161,179,0,0
161,180,0,0
161,181,0,0
161,182,0,0
161,183,0,0
161,184,0,0
161,185,0,0
161,186,0,0
161,187,0,0
161,188,0,0
161,189,0,0
161,190,0,0
161,191,0,0
161,192,0,0
161,193,0,0
161,194,0,0
161,195,0,0
161,196,0,0
161,197,0,0
161,198,0,0
161,199,0,0
161,200,20,0
161,201,0,0
161,202,0,0
161,203,0,0
161,204,0,0
161,205,0,0
161,206,0,0
161,207,0,0
161,208,0,0
161,209,0,0
164,171,0,0
164,172,0,0
164,173,0,0
164,174,0,0
164,175,0,0
164,176,0,0
164,177,0,0
164,178,0,0
164,179,0,0
164,180,0,0
164,181,0,0
164,182,0,0
164,183,0,0
164,184,0,0
164,185,0,0
164,186,0,0
164,187,0,0
164,188,0,0
164,189,0,0
164,190,0,0
164,191,0,0
164,192,0,0
164,193,0,0
164,194,0,0
164,195,0,0
164,196,0,0
164,197,0,0
164,198,0,0
164,199,0,0
164,200,0,0
164,201,0,0
164,202,0,0
164,203,0,0
164,204,0,0
164,205,0,0
164,206,0,0
164,207,0,0
164,208,0,0
164,209,0,0
166,171,0,0
166,172,0,0
166,173,0,0
166,174,0,0
166,175,0,0
166,176,0,0
166,177,0,0
166,178,0,0
166,179,0,0
166,180,0,0
166,181,0,0
166,182,0,0
166,183,0,0
166,184,0,0
166,185,0,0
166,186,0,0
166,187,0,0
166,188,0,0
166,189,0,0
166,190,0,0
166,191,8000,0
166,192,0,0
166,193,0,0
166,194,18,3
166,195,0,0
166,196,0,0
166,197,0,0
166,198,0,0
166,199,0,0
166,200,0,0
166,201,0,0
166,202,0,0
166,203,0,0
166,204,0,0
166,205,0,0
166,206,0,0
166,207,0,0
166,208,0,0
166,209,0,0
172,171,0,0
172,172,0,0
172,173,0,0
172,174,0,0
172,175,0,0
172,176,0,0
172,177,0,0
172,178,0,0
172,179,0,0
172,180,0,0
172,181,0,0
172,182,0,0
172,183,0,0
172,184,0,0
172,185,0,0
172,186,0,0
172,187,0,0
172,188,0,0
172,189,0,0
172,190,0,0
172,191,0,0
172,192,0,0
172,193,0,0
172,194,0,0
172,195,0,0
172,196,0,0
172,197,0,0
172,198,0,0
172,199,0,0
172,200,0,0
172,201,6000,0
172,202,0,0
172,203,1550,3
172,204,0,0
172,205,180,0
172,206,0,0
172,207,15400,3
172,208,7010,11
172,209,0,0
173,171,0,0
173,172,0,0
173,173,0,0
173,174,0,0
173,175,0,0
173,176,0,0
173,177,0,0
173,178,0,0
173,179,0,0
173,180,0,0
173,181,0,0
173,182,0,0
173,183,0,0
173,184,0,0
173,185,0,0
173,186,0,0
173,187,0,0
173,188,0,0
173,189,0,0
173,190,0,0
173,191,0,0
173,192,0,0
173,193,0,0
173,194,0,0
173,195,0,0
173,196,0,0
173,197,0,0
173,198,0,0
173,199,0,0
173,200,0,0
173,201,792,1
173,202,700,0
173,203,2000,2
173,204,0,0
173,205,0,0
173,206,5000,2
173,207,0,0
173,208,0,0
173,209,0,0
174,171,0,0
174,172,0,0
174,173,0,0
174,174,0,0
174,175,0,0
174,176,0,0
174,177,0,0
174,178,0,0
174,179,0,0
174,180,0,0
174,181,0,0
174,182,0,0
174,183,0,0
174,184,0,0
174,185,0,0
174,186,0,0
174,187,0,0
174,188,0,0
174,189,0,0
174,190,0,0
174,191,0,0
174,192,0,0
174,193,0,0
174,194,0,0
174,195,0,0
174,196,0,0
174,197,0,0
174,198,0,0
174,199,0,0
174,200,0,0
174,201,0,0
174,202,0,0
174,203,0,0
174,204,0,0
174,205,0,0
174,206,0,0
174,207,0,0
174,208,0,0
174,209,0,0
177,171,0,0
177,172,0,0
177,173,0,0
177,174,0,0
177,175,0,0
177,176,0,0
177,177,0,0
177,178,5510,1
177,179,0,0
177,180,0,0
177,181,0,0
177,182,0,0
177,183,0,0
177,184,0,0
177,185,0,0
177,186,0,0
177,187,0,0
177,188,0,0
177,189,0,0
177,190,0,0
177,191,0,0
177,192,0,0
177,193,0,0
177,194,0,0
177,195,0,0
177,196,0,0
177,197,0,0
177,198,0,0
177,199,0,0
177,200,0,0
177,201,0,0
177,202,0,0
177,203,0,0
177,204,0,0
177,205,0,0
177,206,0,0
177,207,0,0
177,208,0,0
177,209,0,0
178,171,0,0
178,172,0,0
178,173,0,0
178,174,0,0
178,175,0,0
178,176,0,0
178,177,0,0
178,178,0,0
178,179,0,0
178,180,0,0
178,181,0,0
178,182,0,0
178,183,0,0
178,184,0,0
178,185,0,0
178,186,0,0
178,187,0,0
178,188,0,0
178,189,0,0
178,190,0,0
178,191,0,0
178,192,0,0
178,193,0,0
178,194,0,0
178,195,0,0
178,196,0,0
178,197,0,0
178,198,17,0
178,199,0,0
178,200,0,0
178,201,0,0
178,202,0,0
178,203,0,0
178,204,0,0
178,205,0,0
178,206,0,0
178,207,0,0
178,208,0,0
178,209,0,0
180,171,84500,1090
180,172,89600,935
180,173,0,0
180,174,0,0
180,175,0,0
180,176,55800,2390
180,177,220000,3850
180,178,30,30
180,179,0,0
180,180,0,0
180,181,0,0
180,182,0,0
180,183,0,0
180,184,836000,1350
180,185,750000,6
180,186,744,0
180,187,21100,15
180,188,0,0
180,189,0,0
180,190,0,0
180,191,0,0
180,192,0,0
180,193,350000,653
180,194,0,0
180,195,0,0
180,196,160000,94
180,197,26000,0
180,198,0,0
180,199,1590000,147
180,200,1600000,18000
180,201,24100,3
180,202,611,0
180,203,252000,42
180,204,291000,178
180,205,36900,27
180,206,3050,2
180,207,0,0
180,208,0,0
180,209,0,0
181,171,0,0
181,172,0,0
181,173,0,0
181,174,0,0
181,175,0,0
181,176,0,0
181,177,0,0
181,178,0,0
181,179,0,0
181,180,0,0
181,181,0,0
181,182,0,0
181,183,0,0
181,184,0,0
181,185,0,0
181,186,0,0
181,187,0,0
181,188,0,0
181,189,0,0
181,190,0,0
181,191,0,0
181,192,0,0
181,193,0,0
181,194,0,0
181,195,0,0
181,196,0,0
181,197,0,0
181,198,0,0
181,199,0,0
181,200,0,0
181,201,11,11
181,202,0,0
181,203,0,0
181,204,0,0
181,205,0,0
181,206,0,0
181,207,0,0
181,208,0,0
181,209,0,0
183,171,0,0
183,172,0,0
183,173,0,0
183,174,0,0
183,175,0,0
183,176,0,0
183,177,0,0
183,178,0,0
183,179,0,0
183,180,0,0
183,181,0,0
183,182,0,0
183,183,0,0
183,184,0,0
183,185,0,0
183,186,0,0
183,187,0,0
183,188,0,0
183,189,2000,0
183,190,0,0
183,191,0,0
183,192,0,0
183,193,0,0
183,194,0,0
183,195,50000,7
183,196,0,0
183,197,0,0
183,198,0,0
183,199,0,0
183,200,0,0
183,201,0,0
183,202,0,0
183,203,0,0
183,204,0,0
183,205,0,0
183,206,0,0
183,207,0,0
183,208,0,0
183,209,0,0
186,171,0,0
186,172,0,0
186,173,0,0
186,174,0,0
186,175,0,0
186,176,0,0
186,177,0,0
186,178,0,0
186,179,0,0
186,180,0,0
186,181,0,0
186,182,0,0
186,183,0,0
186,184,0,0
186,185,0,0
186,186,0,0
186,187,0,0
186,188,0,0
186,189,0,0
186,190,0,0
186,191,0,0
186,192,0,0
186,193,0,0
186,194,0,0
186,195,0,0
186,196,0,0
186,197,0,0
186,198,0,0
186,199,0,0
186,200,0,0
186,201,0,0
186,202,0,0
186,203,0,0
186,204,0,0
186,205,0,0
186,206,0,0
186,207,0,0
186,208,0,0
186,209,0,0
187,171,0,0
187,172,1070,65
187,173,0,0
187,174,0,0
187,175,0,0
187,176,0,0
187,177,0,0
187,178,0,0
187,179,0,0
187,180,0,0
187,181,2,0
187,182,0,0
187,183,0,0
187,184,1560,2
187,185,0,0
187,186,0,0
187,187,179,0
187,188,2300,8
187,189,0,0
187,190,4140,67
187,191,150,0
187,192,102,2
187,193,395,1
187,194,3000,2
187,195,27300,60
187,196,0,0
187,197,0,0
187,198,0,0
187,199,0,0
187,200,0,0
187,201,25200,0
187,202,401,1
187,203,0,0
187,204,162,2
187,205,0,0
187,206,0,0
187,207,3530,0
187,208,0,0
187,209,2100,0
189,171,0,0
189,172,0,0
189,173,0,0
189,174,0,0
189,175,0,0
189,176,0,0
189,177,0,0
189,178,0,0
189,179,0,0
189,180,0,0
189,181,0,0
189,182,0,0
189,183,0,0
189,184,0,0
189,185,0,0
189,186,0,0
189,187,0,0
189,188,0,0
189,189,0,0
189,190,0,0
189,191,0,0
189,192,0,0
189,193,50000,9
189,194,0,0
189,195,0,0
189,196,0,0
189,197,0,0
189,198,0,0
189,199,0,0
189,200,0,0
189,201,0,0
189,202,0,0
189,203,0,0
189,204,0,0
189,205,0,0
189,206,0,0
189,207,0,0
189,208,0,0
189,209,0,0
190,171,0,0
190,172,0,0
190,173,0,0
190,174,0,0
190,175,0,0
190,176,0,0
190,177,0,0
190,178,0,0
190,179,0,0
190,180,0,0
190,181,0,0
190,182,0,0
190,183,0,0
190,184,0,0
190,185,0,0
190,186,0,0
190,187,0,0
190,188,0,0
190,189,0,0
190,190,0,0
190,191,2,0
190,192,0,0
190,193,0,0
190,194,0,0
190,195,0,0
190,196,0,0
190,197,0,0
190,198,0,0
190,199,0,0
190,200,14100,12
190,201,0,0
190,202,0,0
190,203,1000,0
190,204,0,0
190,205,0,0
190,206,0,0
190,207,0,0
190,208,0,0
190,209,0,0
191,171,0,0
191,172,0,0
191,173,0,0
191,174,0,0
191,175,0,0
191,176,0,0
191,177,0,0
191,178,0,0
191,179,0,0
191,180,0,0
191,181,186,0
191,182,15,15
191,183,0,0
191,184,0,0
191,185,0,0
191,186,0,0
191,187,1000,3
191,188,0,0
191,189,0,0
191,190,2000,0
191,191,0,0
191,192,0,0
191,193,0,0
191,194,0,0
191,195,0,0
191,196,0,0
191,197,0,0
191,198,4260,80
191,199,0,0
191,200,0,0
191,201,0,0
191,202,0,0
191,203,0,0
191,204,0,0
191,205,0,0
191,206,0,0
191,207,0,0
191,208,0,0
191,209,0,0
193,171,0,0
193,172,0,0
193,173,0,0
193,174,0,0
193,175,0,0
193,176,0,0
193,177,0,0
193,178,0,0
193,179,0,0
193,180,0,0
193,181,0,0
193,182,0,0
193,183,0,0
193,184,0,0
193,185,0,0
193,186,0,0
193,187,0,0
193,188,0,0
193,189,0,0
193,190,0,0
193,191,0,0
193,192,40100,10
193,193,0,0
193,194,0,0
193,195,0,0
193,196,0,0
193,197,0,0
193,198,0,0
193,199,0,0
193,200,0,0
193,201,0,0
193,202,0,0
193,203,0,0
193,204,0,0
193,205,0,0
193,206,0,0
193,207,0,0
193,208,0,0
193,209,0,0
