1,171,0,0
1,172,0,0
1,173,0,0
1,174,0,0
1,175,0,0
1,176,0,0
1,177,0,0
1,178,0,0
1,179,0,0
1,180,0,0
1,181,0,0
1,182,0,0
1,183,0,0
1,184,0,0
1,185,0,0
1,186,0,0
1,187,0,0
1,188,0,0
1,189,0,0
1,190,0,0
1,191,0,0
1,192,0,0
1,193,0,0
1,194,0,0
1,195,0,0
1,196,0,0
1,197,0,0
1,198,0,0
1,199,16000,185
1,200,20800,135
1,201,2790,557
1,202,4580,154
1,203,210000,2800
1,204,0,0
1,205,0,0
1,206,3250,0
1,207,0,0
1,208,0,0
1,209,1120,17
2,171,0,0
2,172,0,0
2,173,0,0
2,174,0,0
2,175,0,0
2,176,0,0
2,177,0,0
2,178,0,0
2,179,0,0
2,180,0,0
2,181,0,0
2,182,0,0
2,183,0,0
2,184,0,0
2,185,0,0
2,186,0,0
2,187,0,0
2,188,0,0
2,189,0,0
2,190,0,0
2,191,0,0
2,192,0,0
2,193,0,0
2,194,0,0
2,195,0,0
2,196,0,0
2,197,73,7
2,198,0,0
2,199,0,0
2,200,0,0
2,201,0,0
2,202,0,0
2,203,226,0
2,204,0,0
2,205,0,0
2,206,0,0
2,207,0,0
2,208,0,0
2,209,0,0
3,171,0,0
3,172,0,0
3,173,0,0
3,174,0,0
3,175,0,0
3,176,0,0
3,177,0,0
3,178,0,0
3,179,0,0
3,180,0,0
3,181,0,0
3,182,0,0
3,183,0,0
3,184,0,0
3,185,0,0
3,186,0,0
3,187,0,0
3,188,0,0
3,189,0,0
3,190,0,0
3,191,0,0
3,192,204,0
3,193,0,0
3,194,0,0
3,195,0,0
3,196,0,0
3,197,0,0
3,198,365,1
3,199,0,0
3,200,0,0
3,201,0,0
3,202,0,0
3,203,0,0
3,204,0,0
3,205,0,0
3,206,0,0
3,207,0,0
3,208,0,0
3,209,0,0
5,171,0,0
5,172,0,0
5,173,0,0
5,174,0,0
5,175,0,0
5,176,0,0
5,177,0,0
5,178,0,0
5,179,0,0
5,180,0,0
5,181,0,0
5,182,0,0
5,183,0,0
5,184,0,0
5,185,0,0
5,186,0,0
5,187,0,0
5,188,732,59
5,189,0,0
5,190,16300,766
5,191,0,0
5,192,0,0
5,193,0,0
5,194,0,0
5,195,0,0
5,196,1010,0
5,197,0,0
5,198,0,0
5,199,1230,115
5,200,1060,188
5,201,135,18
5,202,459,39
5,203,0,0
5,204,0,0
5,205,374,329
5,206,0,0
5,207,60000,2420
5,208,18900,515
5,209,10200,229
7,171,0,0
7,172,0,0
7,173,0,0
7,174,0,0
7,175,0,0
7,176,0,0
7,177,0,0
7,178,0,0
7,179,0,0
7,180,0,0
7,181,0,0
7,182,0,0
7,183,0,0
7,184,0,0
7,185,0,0
7,186,0,0
7,187,0,0
7,188,0,0
7,189,0,0
7,190,0,0
7,191,0,0
7,192,0,0
7,193,3950,67
7,194,0,0
7,195,0,0
7,196,0,0
7,197,0,0
7,198,0,0
7,199,0,0
7,200,0,0
7,201,0,0
7,202,0,0
7,203,0,0
7,204,0,0
7,205,0,0
7,206,0,0
7,207,0,0
7,208,0,0
7,209,0,0
9,171,0,0
9,172,0,0
9,173,0,0
9,174,0,0
9,175,0,0
9,176,0,0
9,177,0,0
9,178,0,0
9,179,0,0
9,180,0,0
9,181,0,0
9,182,0,0
9,183,0,0
9,184,0,0
9,185,0,0
9,186,0,0
9,187,0,0
9,188,0,0
9,189,0,0
9,190,0,0
9,191,0,0
9,192,0,0
9,193,0,0
9,194,0,0
9,195,0,0
9,196,0,0
9,197,0,0
9,198,0,0
9,199,0,0
9,200,0,0
9,201,0,0
9,202,0,0
9,203,6,0
9,204,0,0
9,205,0,0
9,206,0,0
9,207,0,0
9,208,0,0
9,209,0,0
13,171,0,0
13,172,0,0
13,173,0,0
13,174,0,0
13,175,0,0
13,176,0,0
13,177,0,0
13,178,0,0
13,179,111,111
13,180,0,0
13,181,0,0
13,182,0,0
13,183,0,0
13,184,0,0
13,185,0,0
13,186,0,0
13,187,0,0
13,188,0,0
13,189,0,0
13,190,0,0
13,191,0,0
13,192,0,0
13,193,0,0
13,194,0,0
13,195,0,0
13,196,0,0
13,197,0,0
13,198,0,0
13,199,0,0
13,200,0,0
13,201,0,0
13,202,0,0
13,203,0,0
13,204,0,0
13,205,0,0
13,206,0,0
13,207,0,0
13,208,0,0
13,209,0,0
14,171,0,0
14,172,0,0
14,173,0,0
14,174,0,0
14,175,0,0
14,176,0,0
14,177,0,0
14,178,10700,260
14,179,129,129
14,180,0,0
14,181,0,0
14,182,0,0
14,183,176000,2700
14,184,500,500
14,185,950,950
14,186,900,900
14,187,52200,165
14,188,602000,750
14,189,0,0
14,190,20,20
14,191,0,0
14,192,1610000,2700
14,193,200,200
14,194,5700,38
14,195,0,0
14,196,21600,400
14,197,10000,20
14,198,14400,64
14,199,185000,151
14,200,0,0
14,201,26200,31
14,202,0,0
14,203,50000,96
14,204,0,0
14,205,86,32
14,206,0,0
14,207,0,0
14,208,285000,86
14,209,0,0
16,171,0,0
16,172,0,0
16,173,0,0
16,174,0,0
16,175,0,0
16,176,0,0
16,177,0,0
16,178,0,0
16,179,0,0
16,180,0,0
16,181,0,0
16,182,0,0
16,183,0,0
16,184,0,0
16,185,0,0
16,186,0,0
16,187,0,0
16,188,0,0
16,189,0,0
16,190,0,0
16,191,0,0
16,192,0,0
16,193,0,0
16,194,0,0
16,195,0,0
16,196,295,13
16,197,0,0
16,198,605,0
16,199,0,0
16,200,0,0
16,201,0,0
16,202,0,0
16,203,0,0
16,204,0,0
16,205,0,0
16,206,0,0
16,207,0,0
16,208,0,0
16,209,0,0
19,171,0,0
19,172,0,0
19,173,0,0
19,174,0,0
19,175,0,0
19,176,0,0
19,177,8,1
19,178,0,0
19,179,0,0
19,180,0,0
19,181,0,0
19,182,0,0
19,183,0,0
19,184,0,0
19,185,0,0
19,186,0,0
19,187,0,0
19,188,468,65
19,189,0,0
19,190,2640,228
19,191,0,0
19,192,0,0
19,193,0,0
19,194,0,0
19,195,0,0
19,196,0,0
19,197,86,65
19,198,273,47
19,199,605,78
19,200,250,9
19,201,8110,351
19,202,10100,378
19,203,502,50
19,204,268,3
19,205,0,0
19,206,210,4
19,207,0,0
19,208,0,0
19,209,1020,33
20,171,0,0
20,172,0,0
20,173,0,0
20,174,0,0
20,175,0,0
20,176,0,0
20,177,0,0
20,178,0,0
20,179,0,0
20,180,0,0
20,181,0,0
20,182,0,0
20,183,0,0
20,184,0,0
20,185,0,0
20,186,288,41
20,187,0,0
20,188,0,0
20,189,0,0
20,190,0,0
20,191,0,0
20,192,0,0
20,193,494,0
20,194,0,0
20,195,0,0
20,196,0,0
20,197,0,0
20,198,0,0
20,199,0,0
20,200,0,0
20,201,0,0
20,202,0,0
20,203,0,0
20,204,0,0
20,205,0,0
20,206,0,0
20,207,0,0
20,208,0,0
20,209,0,0
21,171,0,0
21,172,0,0
21,173,0,0
21,174,0,0
21,175,0,0
21,176,0,0
21,177,0,0
21,178,0,0
21,179,0,0
21,180,0,0
21,181,0,0
21,182,0,0
21,183,0,0
21,184,0,0
21,185,0,0
21,186,0,0
21,187,0,0
21,188,0,0
21,189,0,0
21,190,164,67
21,191,0,0
21,192,18000,329
21,193,0,0
21,194,0,0
21,195,0,0
21,196,0,0
21,197,0,0
21,198,752,18
21,199,170,5
21,200,101,33
21,201,0,0
21,202,0,0
21,203,0,0
21,204,0,0
21,205,0,0
21,206,0,0
21,207,0,0
21,208,229,1
21,209,204,0
22,171,0,0
22,172,0,0
22,173,0,0
22,174,0,0
22,175,0,0
22,176,0,0
22,177,0,0
22,178,0,0
22,179,0,0
22,180,0,0
22,181,0,0
22,182,0,0
22,183,0,0
22,184,0,0
22,185,0,0
22,186,0,0
22,187,0,0
22,188,0,0
22,189,0,0
22,190,0,0
22,191,0,0
22,192,0,0
22,193,0,0
22,194,0,0
22,195,0,0
22,196,0,0
22,197,0,0
22,198,0,0
22,199,0,0
22,200,0,0
22,201,400,0
22,202,0,0
22,203,0,0
22,204,0,0
22,205,0,0
22,206,0,0
22,207,0,0
22,208,0,0
22,209,0,0
23,171,0,0
23,172,0,0
23,173,0,0
23,174,0,0
23,175,0,0
23,176,0,0
23,177,0,0
23,178,0,0
23,179,0,0
23,180,0,0
23,181,0,0
23,182,0,0
23,183,0,0
23,184,0,0
23,185,0,0
23,186,0,0
23,187,0,0
23,188,0,0
23,189,14800,183
23,190,0,0
23,191,0,0
23,192,0,0
23,193,0,0
23,194,0,0
23,195,0,0
23,196,0,0
23,197,0,0
23,198,0,0
23,199,0,0
23,200,0,0
23,201,0,0
23,202,0,0
23,203,0,0
23,204,0,0
23,205,0,0
23,206,0,0
23,207,22700,470
23,208,0,0
23,209,0,0
24,171,0,0
24,172,0,0
24,173,0,0
24,174,0,0
24,175,31500,1500
24,176,107,0
24,177,0,0
24,178,0,0
24,179,0,0
24,180,0,0
24,181,0,0
24,182,0,0
24,183,0,0
24,184,0,0
24,185,300,300
24,186,0,0
24,187,34700,0
24,188,0,0
24,189,170,0
24,190,0,0
24,191,0,0
24,192,15400,196
24,193,0,0
24,194,0,0
24,195,0,0
24,196,113000,2
24,197,0,0
24,198,25900,0
24,199,214000,13
24,200,238,3
24,201,0,0
24,202,0,0
24,203,318000,57
24,204,0,0
24,205,0,0
24,206,0,0
24,207,0,0
24,208,0,0
24,209,163000,123
27,171,0,0
27,172,0,0
27,173,0,0
27,174,0,0
27,175,0,0
27,176,0,0
27,177,0,0
27,178,0,0
27,179,0,0
27,180,1850,241
27,181,0,0
27,182,11100,1090
27,183,0,0
27,184,0,0
27,185,1000,0
27,186,0,0
27,187,0,0
27,188,0,0
27,189,0,0
27,190,0,0
27,191,0,0
27,192,37,37
27,193,0,0
27,194,0,0
27,195,0,0
27,196,0,0
27,197,45100,4140
27,198,20300,2270
27,199,467,26
27,200,0,0
27,201,0,0
27,202,23800,2980
27,203,0,0
27,204,8200,1060
27,205,3310,527
27,206,615,9
27,207,8190,784
27,208,22300,1490
27,209,2250,250
28,171,0,0
28,172,0,0
28,173,0,0
28,174,0,0
28,175,0,0
28,176,0,0
28,177,0,0
28,178,0,0
28,179,1580,54
28,180,0,0
28,181,0,0
28,182,0,0
28,183,0,0
28,184,0,0
28,185,0,0
28,186,0,0
28,187,0,0
28,188,0,0
28,189,0,0
28,190,0,0
28,191,0,0
28,192,0,0
28,193,2290,220
28,194,0,0
28,195,0,0
28,196,0,0
28,197,0,0
28,198,24400,21
28,199,0,0
28,200,617000,80
28,201,731000,308
28,202,0,0
28,203,2250,87
28,204,236,6
28,205,0,0
28,206,0,0
28,207,0,0
28,208,0,0
28,209,0,0
29,171,0,0
29,172,0,0
29,173,0,0
29,174,0,0
29,175,0,0
29,176,0,0
29,177,0,0
29,178,0,0
29,179,0,0
29,180,0,0
29,181,0,0
29,182,0,0
29,183,0,0
29,184,0,0
29,185,0,0
29,186,0,0
29,187,0,0
29,188,0,0
29,189,0,0
29,190,0,0
29,191,0,0
29,192,0,0
29,193,380000,50
29,194,0,0
29,195,0,0
29,196,0,0
29,197,0,0
29,198,230,3
29,199,15600,490
29,200,930,56
29,201,0,0
29,202,0,0
29,203,0,0
29,204,0,0
29,205,7,7
29,206,0,0
29,207,4370,0
29,208,17200,182
29,209,0,0
30,171,0,0
30,172,0,0
30,173,0,0
30,174,0,0
30,175,0,0
30,176,0,0
30,177,0,0
30,178,0,0
30,179,0,0
30,180,0,0
30,181,0,0
30,182,0,0
30,183,0,0
30,184,0,0
30,185,0,0
30,186,0,0
30,187,0,0
30,188,0,0
30,189,379,39
30,190,650,100
30,191,290,118
30,192,1650,308
30,193,8600,731
30,194,4580,513
30,195,0,0
30,196,0,0
30,197,3200,378
30,198,588,109
30,199,2330,239
30,200,119,14
30,201,87,22
30,202,573,31
30,203,0,0
30,204,0,0
30,205,2970,46
30,206,1440,42
30,207,79,8
30,208,0,0
30,209,0,0
31,171,0,0
31,172,0,0
31,173,0,0
31,174,0,0
31,175,0,0
31,176,0,0
31,177,0,0
31,178,0,0
31,179,0,0
31,180,0,0
31,181,0,0
31,182,0,0
31,183,0,0
31,184,0,0
31,185,0,0
31,186,0,0
31,187,0,0
31,188,0,0
31,189,0,0
31,190,0,0
31,191,0,0
31,192,189,18
31,193,17,17
31,194,0,0
31,195,0,0
31,196,0,0
31,197,0,0
31,198,0,0
31,199,0,0
31,200,0,0
31,201,0,0
31,202,400,1
31,203,392,45
31,204,0,0
31,205,0,0
31,206,0,0
31,207,0,0
31,208,0,0
31,209,0,0
32,171,0,0
32,172,0,0
32,173,0,0
32,174,0,0
32,175,0,0
32,176,0,0
32,177,0,0
32,178,0,0
32,179,0,0
32,180,0,0
32,181,0,0
32,182,0,0
32,183,0,0
32,184,0,0
32,185,0,0
32,186,0,0
32,187,0,0
32,188,0,0
32,189,0,0
32,190,0,0
32,191,0,0
32,192,0,0
32,193,0,0
32,194,0,0
32,195,12600,245
32,196,0,0
32,197,0,0
32,198,0,0
32,199,0,0
32,200,0,0
32,201,0,0
32,202,0,0
32,203,0,0
32,204,0,0
32,205,0,0
32,206,0,0
32,207,0,0
32,208,0,0
32,209,0,0
33,171,0,0
33,172,0,0
33,173,0,0
33,174,0,0
33,175,0,0
33,176,0,0
33,177,0,0
33,178,0,0
33,179,0,0
33,180,0,0
33,181,0,0
33,182,0,0
33,183,0,0
33,184,0,0
33,185,0,0
33,186,0,0
33,187,0,0
33,188,0,0
33,189,0,0
33,190,0,0
33,191,0,0
33,192,0,0
33,193,474,56
33,194,0,0
33,195,0,0
33,196,0,0
33,197,0,0
33,198,0,0
33,199,0,0
33,200,100,14
33,201,3020,448
33,202,1820,343
33,203,733,6
33,204,402,23
33,205,0,0
33,206,0,0
33,207,0,0
33,208,0,0
33,209,0,0
34,171,0,0
34,172,9790,2310
34,173,0,0
34,174,0,0
34,175,0,0
34,176,0,0
34,177,0,0
34,178,0,0
34,179,0,0
34,180,0,0
34,181,0,0
34,182,0,0
34,183,0,0
34,184,0,0
34,185,0,0
34,186,0,0
34,187,0,0
34,188,0,0
34,189,7230,433
34,190,0,0
34,191,0,0
34,192,13500,1260
34,193,0,0
34,194,0,0
34,195,0,0
34,196,0,0
34,197,1410,94
34,198,3070,239
34,199,0,0
34,200,0,0
34,201,10900,1210
34,202,3560,113
34,203,0,0
34,204,142,11
34,205,3710,144
34,206,6120,115
34,207,236,20
34,208,0,0
34,209,1780,22
35,171,0,0
35,172,0,0
35,173,0,0
35,174,0,0
35,175,0,0
35,176,0,0
35,177,0,0
35,178,0,0
35,179,0,0
35,180,0,0
35,181,0,0
35,182,0,0
35,183,0,0
35,184,0,0
35,185,0,0
35,186,0,0
35,187,0,0
35,188,0,0
35,189,0,0
35,190,0,0
35,191,0,0
35,192,41,1
35,193,0,0
35,194,0,0
35,195,0,0
35,196,0,0
35,197,0,0
35,198,0,0
35,199,0,0
35,200,0,0
35,201,0,0
35,202,0,0
35,203,0,0
35,204,0,0
35,205,0,0
35,206,0,0
35,207,0,0
35,208,0,0
35,209,0,0
36,171,0,0
36,172,0,0
36,173,0,0
36,174,0,0
36,175,0,0
36,176,0,0
36,177,0,0
36,178,0,0
36,179,0,0
36,180,0,0
36,181,0,0
36,182,0,0
36,183,0,0
36,184,0,0
36,185,0,0
36,186,0,0
36,187,0,0
36,188,1000,0
36,189,2000,0
36,190,0,0
36,191,0,0
36,192,1080,1080
36,193,0,0
36,194,0,0
36,195,0,0
36,196,0,0
36,197,0,0
36,198,0,0
36,199,0,0
36,200,0,0
36,201,0,0
36,202,0,0
36,203,7020,369
36,204,0,0
36,205,25,16
36,206,206,38
36,207,0,0
36,208,0,0
36,209,0,0
37,171,0,0
37,172,0,0
37,173,0,0
37,174,0,0
37,175,0,0
37,176,0,0
37,177,0,0
37,178,0,0
37,179,0,0
37,180,0,0
37,181,0,0
37,182,0,0
37,183,0,0
37,184,0,0
37,185,0,0
37,186,0,0
37,187,0,0
37,188,0,0
37,189,0,0
37,190,0,0
37,191,0,0
37,192,14500,350
37,193,0,0
37,194,0,0
37,195,0,0
37,196,0,0
37,197,3060,62
37,198,0,0
37,199,0,0
37,200,0,0
37,201,0,0
37,202,0,0
37,203,0,0
37,204,0,0
37,205,0,0
37,206,0,0
37,207,0,0
37,208,0,0
37,209,0,0
38,171,0,0
38,172,0,0
38,173,0,0
38,174,0,0
38,175,0,0
38,176,0,0
38,177,0,0
38,178,0,0
38,179,0,0
38,180,0,0
38,181,0,0
38,182,0,0
38,183,0,0
38,184,0,0
38,185,0,0
38,186,0,0
38,187,0,0
38,188,0,0
38,189,0,0
38,190,453,3
38,191,0,0
38,192,0,0
38,193,0,0
38,194,0,0
38,195,0,0
38,196,0,0
38,197,0,0
38,198,0,0
38,199,3240,40
38,200,154,14
38,201,0,0
38,202,0,0
38,203,0,0
38,204,0,0
38,205,0,0
38,206,2280,0
38,207,0,0
38,208,1520,29
38,209,0,0
39,171,0,0
39,172,0,0
39,173,0,0
39,174,0,0
39,175,0,0
39,176,0,0
39,177,507,245
39,178,0,0
39,179,0,0
39,180,0,0
39,181,0,0
39,182,0,0
39,183,0,0
39,184,0,0
39,185,0,0
39,186,0,0
39,187,0,0
39,188,498,498
39,189,0,0
39,190,0,0
39,191,0,0
39,192,500,500
39,193,0,0
39,194,0,0
39,195,0,0
39,196,233,233
39,197,2160,202
39,198,1470,54
39,199,14900,1000
39,200,75,3
39,201,89,26
39,202,11900,838
39,203,542000,2500
39,204,21200,786
39,205,46900,706
39,206,4970,101
39,207,3140,151
39,208,591,172
39,209,0,0
40,171,0,0
40,172,0,0
40,173,0,0
40,174,0,0
40,175,0,0
40,176,0,0
40,177,0,0
40,178,0,0
40,179,0,0
40,180,0,0
40,181,0,0
40,182,0,0
40,183,0,0
40,184,0,0
40,185,0,0
40,186,0,0
40,187,0,0
40,188,0,0
40,189,0,0
40,190,0,0
40,191,0,0
40,192,0,0
40,193,0,0
40,194,0,0
40,195,0,0
40,196,0,0
40,197,0,0
40,198,568,83
40,199,0,0
40,200,114,15
40,201,24,24
40,202,32,19
40,203,143,128
40,204,31,29
40,205,0,0
40,206,12,10
40,207,3080,50
40,208,0,0
40,209,656,26
41,171,0,0
41,172,0,0
41,173,0,0
41,174,0,0
41,175,0,0
41,176,0,0
41,177,0,0
41,178,0,0
41,179,0,0
41,180,0,0
41,181,0,0
41,182,0,0
41,183,0,0
41,184,0,0
41,185,0,0
41,186,0,0
41,187,0,0
41,188,0,0
41,189,0,0
41,190,0,0
41,191,0,0
41,192,0,0
41,193,0,0
41,194,0,0
41,195,0,0
41,196,4790,0
41,197,0,0
41,198,0,0
41,199,0,0
41,200,0,0
41,201,0,0
41,202,0,0
41,203,0,0
41,204,0,0
41,205,0,0
41,206,0,0
41,207,0,0
41,208,0,0
41,209,0,0
42,171,1620,120
42,172,0,0
42,173,0,0
42,174,0,0
42,175,0,0
42,176,0,0
42,177,0,0
42,178,0,0
42,179,0,0
42,180,0,0
42,181,0,0
42,182,0,0
42,183,0,0
42,184,0,0
42,185,0,0
42,186,0,0
42,187,0,0
42,188,0,0
42,189,0,0
42,190,0,0
42,191,0,0
42,192,66,16
42,193,0,0
42,194,0,0
42,195,0,0
42,196,2180,150
42,197,0,0
42,198,0,0
42,199,0,0
42,200,0,0
42,201,0,0
42,202,3380,196
42,203,938,77
42,204,0,0
42,205,0,0
42,206,250,40
42,207,493,42
42,208,180,30
42,209,44,44
44,171,0,0
44,172,0,0
44,173,0,0
44,174,0,0
44,175,0,0
44,176,0,0
44,177,0,0
44,178,0,0
44,179,0,0
44,180,0,0
44,181,0,0
44,182,0,0
44,183,0,0
44,184,0,0
44,185,0,0
44,186,0,0
44,187,0,0
44,188,0,0
44,189,0,0
44,190,0,0
44,191,0,0
44,192,0,0
44,193,0,0
44,194,49400,0
44,195,0,0
44,196,0,0
44,197,0,0
44,198,826,3
44,199,0,0
44,200,0,0
44,201,0,0
44,202,0,0
44,203,0,0
44,204,0,0
44,205,0,0
44,206,0,0
44,207,0,0
44,208,0,0
44,209,0,0
45,171,0,0
45,172,0,0
45,173,0,0
45,174,0,0
45,175,0,0
45,176,0,0
45,177,0,0
45,178,0,0
45,179,0,0
45,180,0,0
45,181,0,0
45,182,0,0
45,183,0,0
45,184,0,0
45,185,0,0
45,186,0,0
45,187,0,0
45,188,0,0
45,189,0,0
45,190,0,0
45,191,0,0
45,192,0,0
45,193,0,0
45,194,0,0
45,195,0,0
45,196,0,0
45,197,280,0
45,198,0,0
45,199,0,0
45,200,0,0
45,201,0,0
45,202,0,0
45,203,0,0
45,204,0,0
45,205,0,0
45,206,0,0
45,207,0,0
45,208,0,0
45,209,0,0
48,171,0,0
48,172,0,0
48,173,0,0
48,174,0,0
48,175,0,0
48,176,0,0
48,177,0,0
48,178,0,0
48,179,0,0
48,180,0,0
48,181,0,0
48,182,0,0
48,183,0,0
48,184,0,0
48,185,0,0
48,186,0,0
48,187,0,0
48,188,0,0
48,189,0,0
48,190,0,0
48,191,0,0
48,192,0,0
48,193,0,0
48,194,0,0
48,195,249,10
48,196,0,0
48,197,0,0
48,198,856,29
48,199,2040,43
48,200,0,0
48,201,423,4
48,202,0,0
48,203,0,0
48,204,0,0
48,205,0,0
48,206,0,0
48,207,0,0
48,208,0,0
48,209,0,0
50,171,0,0
50,172,0,0
50,173,0,0
50,174,0,0
50,175,0,0
50,176,0,0
50,177,0,0
50,178,0,0
50,179,0,0
50,180,0,0
50,181,0,0
50,182,0,0
50,183,0,0
50,184,0,0
50,185,0,0
50,186,0,0
50,187,0,0
50,188,0,0
50,189,0,0
50,190,0,0
50,191,0,0
50,192,0,0
50,193,20,20
50,194,0,0
50,195,0,0
50,196,1250,2
50,197,0,0
50,198,0,0
50,199,0,0
50,200,16,16
50,201,0,0
50,202,0,0
50,203,0,0
50,204,0,0
50,205,0,0
50,206,0,0
50,207,0,0
50,208,0,0
50,209,0,0
51,171,0,0
51,172,0,0
51,173,0,0
51,174,0,0
51,175,0,0
51,176,0,0
51,177,0,0
51,178,300,0
51,179,0,0
51,180,0,0
51,181,0,0
51,182,0,0
51,183,0,0
51,184,0,0
51,185,0,0
51,186,0,0
51,187,0,0
51,188,0,0
51,189,0,0
51,190,0,0
51,191,0,0
51,192,15500,343
51,193,200,200
51,194,0,0
51,195,0,0
51,196,3400,0
51,197,0,0
51,198,0,0
51,199,24,13
51,200,0,0
51,201,100000,8
51,202,0,0
51,203,100,0
51,204,0,0
51,205,0,0
51,206,0,0
51,207,0,0
51,208,0,0
51,209,0,0
52,171,0,0
52,172,0,0
52,173,0,0
52,174,0,0
52,175,0,0
52,176,0,0
52,177,0,0
52,178,0,0
52,179,0,0
52,180,0,0
52,181,0,0
52,182,0,0
52,183,0,0
52,184,0,0
52,185,0,0
52,186,0,0
52,187,0,0
52,188,0,0
52,189,0,0
52,190,0,0
52,191,0,0
52,192,0,0
52,193,0,0
52,194,0,0
52,195,0,0
52,196,0,0
52,197,0,0
52,198,0,0
52,199,0,0
52,200,0,0
52,201,0,0
52,202,0,0
52,203,0,0
52,204,0,0
52,205,158,15
52,206,0,0
52,207,0,0
52,208,0,0
52,209,0,0
53,171,0,0
53,172,0,0
53,173,0,0
53,174,0,0
53,175,0,0
53,176,0,0
53,177,0,0
53,178,0,0
53,179,0,0
53,180,0,0
53,181,0,0
53,182,0,0
53,183,0,0
53,184,0,0
53,185,0,0
53,186,0,0
53,187,0,0
53,188,0,0
53,189,0,0
53,190,0,0
53,191,0,0
53,192,5780,155
53,193,350,0
53,194,0,0
53,195,0,0
53,196,9300,5
53,197,0,0
53,198,0,0
53,199,1670,0
53,200,0,0
53,201,235,24
53,202,0,0
53,203,2410,6
53,204,50300,304
53,205,0,0
53,206,0,0
53,207,0,0
53,208,0,0
53,209,0,0
54,171,0,0
54,172,0,0
54,173,0,0
54,174,0,0
54,175,0,0
54,176,0,0
54,177,0,0
54,178,0,0
54,179,0,0
54,180,0,0
54,181,0,0
54,182,0,0
54,183,0,0
54,184,0,0
54,185,0,0
54,186,0,0
54,187,0,0
54,188,0,0
54,189,0,0
54,190,0,0
54,191,0,0
54,192,0,0
54,193,0,0
54,194,0,0
54,195,0,0
54,196,0,0
54,197,0,0
54,198,0,0
54,199,0,0
54,200,0,0
54,201,0,0
54,202,0,0
54,203,0,0
54,204,0,0
54,205,961,15
54,206,0,0
54,207,0,0
54,208,0,0
54,209,0,0
57,171,4500,500
57,172,0,0
57,173,0,0
57,174,0,0
57,175,0,0
57,176,0,0
57,177,0,0
57,178,0,0
57,179,0,0
57,180,0,0
57,181,25200,157
57,182,51000,990
57,183,0,0
57,184,0,0
57,185,0,0
57,186,5920,1100
57,187,0,0
57,188,0,0
57,189,48700,7400
57,190,0,0
57,191,0,0
57,192,0,0
57,193,0,0
57,194,0,0
57,195,0,0
57,196,0,0
57,197,0,0
57,198,0,0
57,199,0,0
57,200,285,9
57,201,7460,422
57,202,8600,429
57,203,12,12
57,204,0,0
57,205,0,0
57,206,1040,74
57,207,33200,351
57,208,0,0
57,209,3150,20
60,171,0,0
60,172,0,0
60,173,0,0
60,174,0,0
60,175,0,0
60,176,0,0
60,177,0,0
60,178,0,0
60,179,0,0
60,180,0,0
60,181,0,0
60,182,0,0
60,183,0,0
60,184,0,0
60,185,0,0
60,186,0,0
60,187,0,0
60,188,0,0
60,189,0,0
60,190,0,0
60,191,0,0
60,192,0,0
60,193,20,20
60,194,0,0
60,195,0,0
60,196,0,0
60,197,0,0
60,198,0,0
60,199,0,0
60,200,0,0
60,201,0,0
60,202,0,0
60,203,7,1
60,204,0,0
60,205,0,0
60,206,0,0
60,207,0,0
60,208,0,0
60,209,0,0
61,171,0,0
61,172,0,0
61,173,0,0
61,174,0,0
61,175,0,0
61,176,0,0
61,177,0,0
61,178,0,0
61,179,0,0
61,180,0,0
61,181,0,0
61,182,0,0
61,183,0,0
61,184,0,0
61,185,0,0
61,186,0,0
61,187,0,0
61,188,0,0
61,189,132,0
61,190,0,0
61,191,0,0
61,192,0,0
61,193,0,0
61,194,0,0
61,195,20,20
61,196,0,0
61,197,60,45
61,198,0,0
61,199,0,0
61,200,0,0
61,201,0,0
61,202,60,50
61,203,0,0
61,204,0,0
61,205,101,1
61,206,0,0
61,207,0,0
61,208,17900,0
61,209,0,0
62,171,0,0
62,172,0,0
62,173,0,0
62,174,0,0
62,175,0,0
62,176,0,0
62,177,0,0
62,178,0,0
62,179,200,200
62,180,0,0
62,181,0,0
62,182,0,0
62,183,0,0
62,184,0,0
62,185,0,0
62,186,0,0
62,187,0,0
62,188,0,0
62,189,0,0
62,190,0,0
62,191,0,0
62,192,0,0
62,193,0,0
62,194,0,0
62,195,0,0
62,196,0,0
62,197,0,0
62,198,913,120
62,199,0,0
62,200,0,0
62,201,137,21
62,202,0,0
62,203,0,0
62,204,0,0
62,205,0,0
62,206,0,0
62,207,0,0
62,208,0,0
62,209,0,0
64,171,0,0
64,172,0,0
64,173,0,0
64,174,0,0
64,175,0,0
64,176,0,0
64,177,0,0
64,178,0,0
64,179,0,0
64,180,0,0
64,181,0,0
64,182,0,0
64,183,0,0
64,184,0,0
64,185,0,0
64,186,0,0
64,187,0,0
64,188,0,0
64,189,0,0
64,190,0,0
64,191,0,0
64,192,0,0
64,193,0,0
64,194,0,0
64,195,0,0
64,196,0,0
64,197,0,0
64,198,0,0
64,199,0,0
64,200,0,0
64,201,0,0
64,202,0,0
64,203,609,0
64,204,0,0
64,205,0,0
64,206,0,0
64,207,0,0
64,208,0,0
64,209,0,0
65,171,0,0
65,172,0,0
65,173,0,0
65,174,0,0
65,175,0,0
65,176,0,0
65,177,0,0
65,178,6560,0
65,179,0,0
65,180,0,0
65,181,0,0
65,182,0,0
65,183,0,0
65,184,0,0
65,185,1600,103
65,186,0,0
65,187,0,0
65,188,0,0
65,189,153,15
65,190,19,0
65,191,0,0
65,192,20,20
65,193,0,0
65,194,0,0
65,195,0,0
65,196,0,0
65,197,4170,411
65,198,185,26
65,199,1610,67
65,200,1220,24
65,201,0,0
65,202,1150,12
65,203,0,0
65,204,0,0
65,205,0,0
65,206,2290,40
65,207,0,0
65,208,0,0
65,209,0,0
68,171,0,0
68,172,0,0
68,173,0,0
68,174,0,0
68,175,0,0
68,176,0,0
68,177,0,0
68,178,0,0
68,179,0,0
68,180,0,0
68,181,0,0
68,182,0,0
68,183,0,0
68,184,0,0
68,185,0,0
68,186,0,0
68,187,0,0
68,188,0,0
68,189,0,0
68,190,0,0
68,191,200,200
68,192,27000,180
68,193,206,206
68,194,0,0
68,195,0,0
68,196,3400,0
68,197,0,0
68,198,0,0
68,199,1360,17
68,200,0,0
68,201,0,0
68,202,0,0
68,203,2040,1
68,204,0,0
68,205,0,0
68,206,0,0
68,207,0,0
68,208,0,0
68,209,0,0
69,171,0,0
69,172,0,0
69,173,0,0
69,174,0,0
69,175,0,0
69,176,0,0
69,177,0,0
69,178,0,0
69,179,0,0
69,180,0,0
69,181,0,0
69,182,0,0
69,183,0,0
69,184,0,0
69,185,0,0
69,186,0,0
69,187,0,0
69,188,48,18
69,189,0,0
69,190,0,0
69,191,0,0
69,192,0,0
69,193,0,0
69,194,0,0
69,195,24300,311
69,196,0,0
69,197,0,0
69,198,0,0
69,199,0,0
69,200,135,12
69,201,512,190
69,202,155,12
69,203,146,23
69,204,67,24
69,205,1190,100
69,206,1960,72
69,207,427,129
69,208,2500,90
69,209,0,0
70,171,0,0
70,172,0,0
70,173,0,0
70,174,0,0
70,175,0,0
70,176,0,0
70,177,0,0
70,178,0,0
70,179,0,0
70,180,0,0
70,181,0,0
70,182,0,0
70,183,0,0
70,184,0,0
70,185,0,0
70,186,0,0
70,187,0,0
70,188,6070,68
70,189,0,0
70,190,0,0
70,191,0,0
70,192,0,0
70,193,0,0
70,194,0,0
70,195,8830,195
70,196,0,0
70,197,27900,961
70,198,23100,781
70,199,0,0
70,200,2570,404
70,201,0,0
70,202,0,0
70,203,0,0
70,204,0,0
70,205,202,3
70,206,25500,399
70,207,0,0
70,208,0,0
70,209,14200,221
72,171,0,0
72,172,0,0
72,173,0,0
72,174,0,0
72,175,0,0
72,176,0,0
72,177,0,0
72,178,0,0
72,179,0,0
72,180,0,0
72,181,0,0
72,182,0,0
72,183,0,0
72,184,0,0
72,185,0,0
72,186,0,0
72,187,0,0
72,188,0,0
72,189,0,0
72,190,0,0
72,191,0,0
72,192,0,0
72,193,0,0
72,194,0,0
72,195,0,0
72,196,0,0
72,197,0,0
72,198,0,0
72,199,0,0
72,200,0,0
72,201,0,0
72,202,0,0
72,203,0,0
72,204,240,40
72,205,0,0
72,206,0,0
72,207,0,0
72,208,0,0
72,209,0,0
74,171,0,0
74,172,0,0
74,173,0,0
74,174,0,0
74,175,0,0
74,176,0,0
74,177,0,0
74,178,0,0
74,179,0,0
74,180,0,0
74,181,0,0
74,182,0,0
74,183,0,0
74,184,0,0
74,185,0,0
74,186,0,0
74,187,0,0
74,188,0,0
74,189,0,0
74,190,0,0
74,191,0,0
74,192,0,0
74,193,0,0
74,194,0,0
74,195,0,0
74,196,16000,5
74,197,0,0
74,198,0,0
74,199,2470,17
74,200,0,0
74,201,0,0
74,202,0,0
74,203,4540,8
74,204,0,0
74,205,0,0
74,206,0,0
74,207,0,0
74,208,0,0
74,209,0,0
77,171,0,0
77,172,0,0
77,173,0,0
77,174,0,0
77,175,0,0
77,176,0,0
77,177,0,0
77,178,9090,0
77,179,3210,2210
77,180,215,215
77,181,1040,1040
77,182,0,0
77,183,118,118
77,184,0,0
77,185,31500,4510
77,186,8440,1850
77,187,11900,265
77,188,90,90
77,189,3910,3910
77,190,200,200
77,191,18200,148
77,192,185,185
77,193,0,0
77,194,0,0
77,195,5200,53
77,196,0,0
77,197,8780,354
77,198,970,80
77,199,16000,807
77,200,79800,281
77,201,2090,242
77,202,59000,89
77,203,5330,180
77,204,2190,0
77,205,0,0
77,206,157000,706
77,207,0,0
77,208,0,0
77,209,0,0
78,171,0,0
78,172,0,0
78,173,0,0
78,174,0,0
78,175,0,0
78,176,0,0
78,177,0,0
78,178,30100,117
78,179,163,93
78,180,0,0
78,181,0,0
78,182,0,0
78,183,239,39
78,184,120,120
78,185,4110,105
78,186,0,0
78,187,501000,59
78,188,0,0
78,189,0,0
78,190,0,0
78,191,50,50
78,192,15300,294
78,193,0,0
78,194,0,0
78,195,0,0
78,196,0,0
78,197,5490,117
78,198,197,197
78,199,34100,1450
78,200,4700,56
78,201,1740,25
78,202,0,0
78,203,776,17
78,204,0,0
78,205,59100,745
78,206,329,0
78,207,0,0
78,208,35600,403
78,209,0,0
79,171,0,0
79,172,0,0
79,173,0,0
79,174,0,0
79,175,0,0
79,176,0,0
79,177,0,0
79,178,0,0
79,179,8,8
79,180,0,0
79,181,0,0
79,182,0,0
79,183,0,0
79,184,0,0
79,185,0,0
79,186,0,0
79,187,0,0
79,188,0,0
79,189,0,0
79,190,0,0
79,191,0,0
79,192,0,0
79,193,0,0
79,194,0,0
79,195,0,0
79,196,0,0
79,197,0,0
79,198,0,0
79,199,0,0
79,200,0,0
79,201,76,76
79,202,0,0
79,203,0,0
79,204,0,0
79,205,0,0
79,206,0,0
79,207,0,0
79,208,0,0
79,209,0,0
80,171,0,0
80,172,0,0
80,173,0,0
80,174,0,0
80,175,0,0
80,176,0,0
80,177,0,0
80,178,0,0
80,179,52,1
80,180,0,0
80,181,0,0
80,182,0,0
80,183,0,0
80,184,0,0
80,185,0,0
80,186,0,0
80,187,0,0
80,188,0,0
80,189,0,0
80,190,0,0
80,191,0,0
80,192,0,0
80,193,0,0
80,194,0,0
80,195,0,0
80,196,0,0
80,197,0,0
80,198,185,0
80,199,0,0
80,200,0,0
80,201,0,0
80,202,0,0
80,203,0,0
80,204,0,0
80,205,2,2
80,206,0,0
80,207,0,0
80,208,4720,24
80,209,903,11
81,171,0,0
81,172,0,0
81,173,0,0
81,174,0,0
81,175,0,0
81,176,0,0
81,177,0,0
81,178,0,0
81,179,0,0
81,180,0,0
81,181,0,0
81,182,0,0
81,183,0,0
81,184,0,0
81,185,0,0
81,186,0,0
81,187,0,0
81,188,0,0
81,189,0,0
81,190,0,0
81,191,0,0
81,192,0,0
81,193,0,0
81,194,0,0
81,195,0,0
81,196,0,0
81,197,0,0
81,198,0,0
81,199,0,0
81,200,0,0
81,201,1380,2
81,202,0,0
81,203,1,0
81,204,0,0
81,205,0,0
81,206,0,0
81,207,0,0
81,208,0,0
81,209,0,0
82,171,0,0
82,172,0,0
82,173,0,0
82,174,0,0
82,175,0,0
82,176,0,0
82,177,0,0
82,178,0,0
82,179,0,0
82,180,0,0
82,181,0,0
82,182,0,0
82,183,0,0
82,184,0,0
82,185,0,0
82,186,0,0
82,187,0,0
82,188,0,0
82,189,0,0
82,190,0,0
82,191,0,0
82,192,0,0
82,193,0,0
82,194,0,0
82,195,0,0
82,196,0,0
82,197,0,0
82,198,0,0
82,199,0,0
82,200,0,0
82,201,151,12
82,202,0,0
82,203,0,0
82,204,0,0
82,205,0,0
82,206,0,0
82,207,0,0
82,208,0,0
82,209,0,0
83,171,0,0
83,172,0,0
83,173,0,0
83,174,0,0
83,175,0,0
83,176,0,0
83,177,0,0
83,178,0,0
83,179,0,0
83,180,0,0
83,181,0,0
83,182,0,0
83,183,0,0
83,184,0,0
83,185,0,0
83,186,0,0
83,187,0,0
83,188,0,0
83,189,0,0
83,190,0,0
83,191,0,0
83,192,0,0
83,193,0,0
83,194,0,0
83,195,0,0
83,196,0,0
83,197,0,0
83,198,0,0
83,199,0,0
83,200,0,0
83,201,0,0
83,202,0,0
83,203,10000,3
83,204,0,0
83,205,0,0
83,206,0,0
83,207,0,0
83,208,0,0
83,209,0,0
84,171,0,0
84,172,0,0
84,173,0,0
84,174,0,0
84,175,0,0
84,176,0,0
84,177,0,0
84,178,0,0
84,179,0,0
84,180,0,0
84,181,0,0
84,182,0,0
84,183,0,0
84,184,0,0
84,185,0,0
84,186,0,0
84,187,0,0
84,188,0,0
84,189,0,0
84,190,0,0
84,191,300,0
84,192,0,0
84,193,0,0
84,194,0,0
84,195,0,0
84,196,0,0
84,197,0,0
84,198,0,0
84,199,0,0
84,200,0,0
84,201,0,0
84,202,0,0
84,203,0,0
84,204,0,0
84,205,0,0
84,206,0,0
84,207,283,3
84,208,0,0
84,209,0,0
85,171,0,0
85,172,0,0
85,173,0,0
85,174,0,0
85,175,0,0
85,176,0,0
85,177,0,0
85,178,75,1
85,179,2000000,0
85,180,0,0
85,181,0,0
85,182,0,0
85,183,0,0
85,184,0,0
85,185,0,0
85,186,0,0
85,187,0,0
85,188,0,0
85,189,0,0
85,190,0,0
85,191,0,0
85,192,0,0
85,193,0,0
85,194,0,0
85,195,0,0
85,196,0,0
85,197,0,0
85,198,460,0
85,199,0,0
85,200,0,0
85,201,0,0
85,202,0,0
85,203,0,0
85,204,0,0
85,205,0,0
85,206,0,0
85,207,0,0
85,208,0,0
85,209,0,0
86,171,0,0
86,172,0,0
86,173,0,0
86,174,0,0
86,175,0,0
86,176,0,0
86,177,0,0
86,178,0,0
86,179,0,0
86,180,0,0
86,181,0,0
86,182,719,4
86,183,0,0
86,184,0,0
86,185,0,0
86,186,0,0
86,187,0,0
86,188,0,0
86,189,0,0
86,190,0,0
86,191,0,0
86,192,0,0
86,193,0,0
86,194,0,0
86,195,0,0
86,196,0,0
86,197,0,0
86,198,0,0
86,199,0,0
86,200,0,0
86,201,0,0
86,202,0,0
86,203,0,0
86,204,0,0
86,205,0,0
86,206,0,0
86,207,0,0
86,208,0,0
86,209,0,0
87,171,0,0
87,172,0,0
87,173,0,0
87,174,0,0
87,175,0,0
87,176,0,0
87,177,0,0
87,178,0,0
87,179,0,0
87,180,0,0
87,181,0,0
87,182,0,0
87,183,0,0
87,184,0,0
87,185,0,0
87,186,0,0
87,187,0,0
87,188,0,0
87,189,0,0
87,190,0,0
87,191,0,0
87,192,0,0
87,193,0,0
87,194,0,0
87,195,0,0
87,196,0,0
87,197,0,0
87,198,0,0
87,199,600,7
87,200,166,0
87,201,114,0
87,202,0,0
87,203,0,0
87,204,0,0
87,205,0,0
87,206,0,0
87,207,0,0
87,208,0,0
87,209,0,0
88,171,0,0
88,172,0,0
88,173,0,0
88,174,0,0
88,175,0,0
88,176,0,0
88,177,0,0
88,178,0,0
88,179,0,0
88,180,0,0
88,181,0,0
88,182,0,0
88,183,0,0
88,184,0,0
88,185,0,0
88,186,0,0
88,187,0,0
88,188,0,0
88,189,0,0
88,190,0,0
88,191,0,0
88,192,226,26
88,193,0,0
88,194,0,0
88,195,6500000,1000
88,196,0,0
88,197,0,0
88,198,34300,1230
88,199,1050,27
88,200,331000,1810
88,201,771,50
88,202,783,40
88,203,0,0
88,204,0,0
88,205,149,8
88,206,1700,53
88,207,771,183
88,208,0,0
88,209,43,43
89,171,0,0
89,172,0,0
89,173,0,0
89,174,0,0
89,175,0,0
89,176,0,0
89,177,0,0
89,178,369,17
89,179,0,0
89,180,0,0
89,181,0,0
89,182,0,0
89,183,0,0
89,184,0,0
89,185,0,0
89,186,0,0
89,187,0,0
89,188,0,0
89,189,0,0
89,190,0,0
89,191,0,0
89,192,0,0
89,193,0,0
89,194,0,0
89,195,0,0
89,196,0,0
89,197,0,0
89,198,0,0
89,199,0,0
89,200,0,0
89,201,0,0
89,202,0,0
89,203,0,0
89,204,0,0
89,205,0,0
89,206,0,0
89,207,0,0
89,208,0,0
89,209,0,0
90,171,0,0
90,172,0,0
90,173,0,0
90,174,0,0
90,175,0,0
90,176,0,0
90,177,0,0
90,178,0,0
90,179,0,0
90,180,0,0
90,181,0,0
90,182,0,0
90,183,0,0
90,184,0,0
90,185,0,0
90,186,0,0
90,187,0,0
90,188,0,0
90,189,0,0
90,190,0,0
90,191,0,0
90,192,0,0
90,193,0,0
90,194,0,0
90,195,0,0
90,196,0,0
90,197,0,0
90,198,0,0
90,199,0,0
90,200,0,0
90,201,0,0
90,202,0,0
90,203,1,0
90,204,0,0
90,205,0,0
90,206,0,0
90,207,0,0
90,208,0,0
90,209,0,0
91,171,0,0
91,172,0,0
91,173,0,0
91,174,0,0
91,175,0,0
91,176,0,0
91,177,0,0
91,178,0,0
91,179,0,0
91,180,0,0
91,181,0,0
91,182,0,0
91,183,0,0
91,184,0,0
91,185,0,0
91,186,0,0
91,187,0,0
91,188,0,0
91,189,0,0
91,190,0,0
91,191,0,0
91,192,0,0
91,193,0,0
91,194,0,0
91,195,0,0
91,196,0,0
91,197,0,0
91,198,358,22
91,199,458,0
91,200,0,0
91,201,0,0
91,202,0,0
91,203,0,0
91,204,0,0
91,205,0,0
91,206,0,0
91,207,0,0
91,208,0,0
91,209,0,0
92,171,0,0
92,172,0,0
92,173,0,0
92,174,0,0
92,175,0,0
92,176,0,0
92,177,0,0
92,178,0,0
92,179,0,0
92,180,0,0
92,181,0,0
92,182,0,0
92,183,0,0
92,184,0,0
92,185,0,0
92,186,0,0
92,187,0,0
92,188,2060,63
92,189,0,0
92,190,0,0
92,191,0,0
92,192,0,0
92,193,143,143
92,194,0,0
92,195,8500,500
92,196,278,34
92,197,0,0
92,198,0,0
92,199,0,0
92,200,0,0
92,201,9730,44
92,202,0,0
92,203,0,0
92,204,0,0
92,205,2,2
92,206,0,0
92,207,0,0
92,208,0,0
92,209,0,0
93,171,0,0
93,172,0,0
93,173,0,0
93,174,0,0
93,175,0,0
93,176,0,0
93,177,0,0
93,178,0,0
93,179,0,0
93,180,0,0
93,181,0,0
93,182,0,0
93,183,0,0
93,184,0,0
93,185,0,0
93,186,0,0
93,187,0,0
93,188,0,0
93,189,0,0
93,190,0,0
93,191,0,0
93,192,0,0
93,193,0,0
93,194,0,0
93,195,0,0
93,196,0,0
93,197,0,0
93,198,0,0
93,199,0,0
93,200,0,0
93,201,102,0
93,202,0,0
93,203,0,0
93,204,0,0
93,205,0,0
93,206,0,0
93,207,0,0
93,208,0,0
93,209,0,0
95,171,0,0
95,172,0,0
95,173,0,0
95,174,0,0
95,175,500,0
95,176,0,0
95,177,0,0
95,178,0,0
95,179,0,0
95,180,0,0
95,181,0,0
95,182,0,0
95,183,0,0
95,184,0,0
95,185,0,0
95,186,0,0
95,187,0,0
95,188,0,0
95,189,0,0
95,190,0,0
95,191,0,0
95,192,0,0
95,193,0,0
95,194,0,0
95,195,0,0
95,196,0,0
95,197,0,0
95,198,0,0
95,199,0,0
95,200,1890,28
95,201,1860,28
95,202,0,0
95,203,0,0
95,204,0,0
95,205,0,0
95,206,0,0
95,207,0,0
95,208,0,0
95,209,0,0
96,171,0,0
96,172,0,0
96,173,0,0
96,174,0,0
96,175,0,0
96,176,0,0
96,177,0,0
96,178,0,0
96,179,0,0
96,180,0,0
96,181,2350,466
96,182,0,0
96,183,0,0
96,184,0,0
96,185,0,0
96,186,0,0
96,187,0,0
96,188,0,0
96,189,0,0
96,190,0,0
96,191,0,0
96,192,0,0
96,193,0,0
96,194,0,0
96,195,0,0
96,196,368,9
96,197,56,56
96,198,0,0
96,199,572,12
96,200,39,39
96,201,125,13
96,202,0,0
96,203,661,0
96,204,19400,0
96,205,0,0
96,206,703,29
96,207,0,0
96,208,0,0
96,209,0,0
101,171,0,0
101,172,0,0
101,173,0,0
101,174,0,0
101,175,0,0
101,176,0,0
101,177,0,0
101,178,0,0
101,179,0,0
101,180,0,0
101,181,0,0
101,182,0,0
101,183,0,0
101,184,0,0
101,185,0,0
101,186,0,0
101,187,0,0
101,188,0,0
101,189,0,0
101,190,0,0
101,191,0,0
101,192,0,0
101,193,0,0
101,194,0,0
101,195,0,0
101,196,0,0
101,197,0,0
101,198,0,0
101,199,0,0
101,200,0,0
101,201,0,0
101,202,0,0
101,203,200,0
101,204,0,0
101,205,0,0
101,206,0,0
101,207,0,0
101,208,0,0
101,209,0,0
102,171,0,0
102,172,0,0
102,173,0,0
102,174,0,0
102,175,0,0
102,176,0,0
102,177,0,0
102,178,0,0
102,179,0,0
102,180,0,0
102,181,0,0
102,182,0,0
102,183,0,0
102,184,0,0
102,185,0,0
102,186,0,0
102,187,0,0
102,188,0,0
102,189,0,0
102,190,0,0
102,191,0,0
102,192,0,0
102,193,0,0
102,194,0,0
102,195,0,0
102,196,0,0
102,197,0,0
102,198,0,0
102,199,0,0
102,200,19200,981
102,201,0,0
102,202,0,0
102,203,22700,671
102,204,0,0
102,205,0,0
102,206,0,0
102,207,0,0
102,208,0,0
102,209,540,20
103,171,0,0
103,172,0,0
103,173,0,0
103,174,0,0
103,175,0,0
103,176,0,0
103,177,0,0
103,178,0,0
103,179,0,0
103,180,0,0
103,181,0,0
103,182,0,0
103,183,0,0
103,184,0,0
103,185,0,0
103,186,0,0
103,187,0,0
103,188,0,0
103,189,0,0
103,190,479,35
103,191,0,0
103,192,0,0
103,193,0,0
103,194,0,0
103,195,0,0
103,196,0,0
103,197,0,0
103,198,632,10
103,199,0,0
103,200,0,0
103,201,3410,83
103,202,41400,1130
103,203,989,216
103,204,0,0
103,205,0,0
103,206,0,0
103,207,872,20
103,208,0,0
103,209,0,0
104,171,0,0
104,172,0,0
104,173,0,0
104,174,0,0
104,175,0,0
104,176,0,0
104,177,0,0
104,178,50,0
104,179,0,0
104,180,0,0
104,181,0,0
104,182,0,0
104,183,0,0
104,184,0,0
104,185,0,0
104,186,0,0
104,187,0,0
104,188,0,0
104,189,0,0
104,190,0,0
104,191,0,0
104,192,4010,263
104,193,0,0
104,194,0,0
104,195,0,0
104,196,0,0
104,197,5420,13
104,198,21800,95
104,199,265,105
104,200,0,0
104,201,992,4
104,202,0,0
104,203,5,2
104,204,0,0
104,205,0,0
104,206,0,0
104,207,0,0
104,208,56,56
104,209,0,0
105,171,0,0
105,172,0,0
105,173,0,0
105,174,0,0
105,175,0,0
105,176,0,0
105,177,0,0
105,178,0,0
105,179,11500,219
105,180,0,0
105,181,0,0
105,182,0,0
105,183,0,0
105,184,0,0
105,185,0,0
105,186,0,0
105,187,0,0
105,188,0,0
105,189,0,0
105,190,0,0
105,191,0,0
105,192,0,0
105,193,0,0
105,194,0,0
105,195,0,0
105,196,0,0
105,197,0,0
105,198,0,0
105,199,0,0
105,200,0,0
105,201,0,0
105,202,0,0
105,203,0,0
105,204,0,0
105,205,0,0
105,206,0,0
105,207,0,0
105,208,0,0
105,209,0,0
106,171,0,0
106,172,0,0
106,173,0,0
106,174,0,0
106,175,0,0
106,176,0,0
106,177,0,0
106,178,0,0
106,179,0,0
106,180,110,30
106,181,0,0
106,182,4570,412
106,183,0,0
106,184,0,0
106,185,5520,1020
106,186,0,0
106,187,0,0
106,188,507,202
106,189,206,47
106,190,0,0
106,191,0,0
106,192,0,0
106,193,0,0
106,194,0,0
106,195,0,0
106,196,0,0
106,197,2550,345
106,198,10800,1100
106,199,0,0
106,200,0,0
106,201,0,0
106,202,0,0
106,203,315,33
106,204,1320,106
106,205,0,0
106,206,211,43
106,207,160,9
106,208,0,0
106,209,0,0
108,171,0,0
108,172,0,0
108,173,0,0
108,174,0,0
108,175,0,0
108,176,0,0
108,177,0,0
108,178,0,0
108,179,0,0
108,180,0,0
108,181,0,0
108,182,0,0
108,183,0,0
108,184,0,0
108,185,0,0
108,186,0,0
108,187,0,0
108,188,0,0
108,189,0,0
108,190,0,0
108,191,0,0
108,192,0,0
108,193,0,0
108,194,0,0
108,195,0,0
108,196,0,0
108,197,0,0
108,198,0,0
108,199,0,0
108,200,0,0
108,201,224,6
108,202,0,0
108,203,0,0
108,204,0,0
108,205,0,0
108,206,0,0
108,207,0,0
108,208,0,0
108,209,0,0
109,171,0,0
109,172,0,0
109,173,0,0
109,174,0,0
109,175,0,0
109,176,0,0
109,177,0,0
109,178,0,0
109,179,0,0
109,180,0,0
109,181,0,0
109,182,0,0
109,183,17,5
109,184,0,0
109,185,0,0
109,186,0,0
109,187,0,0
109,188,213,35
109,189,613,38
109,190,0,0
109,191,0,0
109,192,0,0
109,193,0,0
109,194,0,0
109,195,0,0
109,196,0,0
109,197,46,46
109,198,0,0
109,199,350,6
109,200,0,0
109,201,0,0
109,202,0,0
109,203,0,0
109,204,0,0
109,205,0,0
109,206,2640,55
109,207,0,0
109,208,0,0
109,209,0,0
110,171,0,0
110,172,0,0
110,173,0,0
110,174,0,0
110,175,0,0
110,176,0,0
110,177,0,0
110,178,0,0
110,179,0,0
110,180,0,0
110,181,108,0
110,182,0,0
110,183,0,0
110,184,0,0
110,185,0,0
110,186,0,0
110,187,0,0
110,188,0,0
110,189,0,0
110,190,0,0
110,191,0,0
110,192,0,0
110,193,0,0
110,194,0,0
110,195,0,0
110,196,0,0
110,197,0,0
110,198,0,0
110,199,0,0
110,200,0,0
110,201,0,0
110,202,0,0
110,203,0,0
110,204,0,0
110,205,0,0
110,206,2550,0
110,207,0,0
110,208,0,0
110,209,0,0
111,171,0,0
111,172,0,0
111,173,0,0
111,174,0,0
111,175,0,0
111,176,0,0
111,177,0,0
111,178,0,0
111,179,0,0
111,180,0,0
111,181,0,0
111,182,0,0
111,183,0,0
111,184,0,0
111,185,0,0
111,186,0,0
111,187,0,0
111,188,0,0
111,189,0,0
111,190,0,0
111,191,0,0
111,192,5050,52
111,193,0,0
111,194,0,0
111,195,0,0
111,196,6540,16
111,197,0,0
111,198,0,0
111,199,0,0
111,200,0,0
111,201,0,0
111,202,0,0
111,203,0,0
111,204,0,0
111,205,0,0
111,206,0,0
111,207,0,0
111,208,0,0
111,209,0,0
112,171,0,0
112,172,0,0
112,173,0,0
112,174,0,0
112,175,0,0
112,176,0,0
112,177,0,0
112,178,0,0
112,179,0,0
112,180,0,0
112,181,0,0
112,182,0,0
112,183,0,0
112,184,0,0
112,185,0,0
112,186,0,0
112,187,0,0
112,188,0,0
112,189,0,0
112,190,0,0
112,191,0,0
112,192,0,0
112,193,0,0
112,194,0,0
112,195,0,0
112,196,0,0
112,197,0,0
112,198,0,0
112,199,0,0
112,200,0,0
112,201,3450,19
112,202,0,0
112,203,0,0
112,204,0,0
112,205,0,0
112,206,0,0
112,207,0,0
112,208,0,0
112,209,0,0
113,171,0,0
113,172,0,0
113,173,0,0
113,174,0,0
113,175,0,0
113,176,0,0
113,177,0,0
113,178,0,0
113,179,0,0
113,180,0,0
113,181,0,0
113,182,0,0
113,183,0,0
113,184,0,0
113,185,0,0
113,186,0,0
113,187,0,0
113,188,0,0
113,189,0,0
113,190,0,0
113,191,0,0
113,192,0,0
113,193,0,0
113,194,0,0
113,195,0,0
113,196,0,0
113,197,0,0
113,198,0,0
113,199,0,0
113,200,1650,0
113,201,0,0
113,202,0,0
113,203,0,0
113,204,0,0
113,205,0,0
113,206,0,0
113,207,0,0
113,208,0,0
113,209,0,0
115,171,0,0
115,172,0,0
115,173,0,0
115,174,0,0
115,175,0,0
115,176,0,0
115,177,0,0
115,178,0,0
115,179,0,0
115,180,0,0
115,181,0,0
115,182,0,0
115,183,0,0
115,184,0,0
115,185,0,0
115,186,0,0
115,187,0,0
115,188,0,0
115,189,0,0
115,190,0,0
115,191,0,0
115,192,0,0
115,193,0,0
115,194,0,0
115,195,0,0
115,196,0,0
115,197,116,8
115,198,0,0
115,199,0,0
115,200,0,0
115,201,0,0
115,202,0,0
115,203,9,0
115,204,0,0
115,205,0,0
115,206,0,0
115,207,0,0
115,208,0,0
115,209,3150,0
118,171,0,0
118,172,0,0
118,173,0,0
118,174,0,0
118,175,0,0
118,176,0,0
118,177,0,0
118,178,0,0
118,179,0,0
118,180,0,0
118,181,210,10
118,182,0,0
118,183,0,0
118,184,5870,189
118,185,0,0
118,186,0,0
118,187,0,0
118,188,0,0
118,189,0,0
118,190,0,0
118,191,4690,694
118,192,0,0
118,193,226000,587
118,194,0,0
118,195,0,0
118,196,0,0
118,197,0,0
118,198,27800,637
118,199,2810,209
118,200,0,0
118,201,18600,11
118,202,618,7
118,203,2050,17
118,204,24300,159
118,205,0,0
118,206,0,0
118,207,5720,27
118,208,7630,78
118,209,373,51
119,171,0,0
119,172,0,0
119,173,0,0
119,174,0,0
119,175,0,0
119,176,0,0
119,177,0,0
119,178,0,0
119,179,0,0
119,180,0,0
119,181,0,0
119,182,0,0
119,183,0,0
119,184,810,10
119,185,0,0
119,186,0,0
119,187,0,0
119,188,0,0
119,189,0,0
119,190,0,0
119,191,0,0
119,192,0,0
119,193,0,0
119,194,0,0
119,195,0,0
119,196,0,0
119,197,0,0
119,198,0,0
119,199,0,0
119,200,0,0
119,201,0,0
119,202,0,0
119,203,0,0
119,204,0,0
119,205,0,0
119,206,0,0
119,207,0,0
119,208,30,30
119,209,0,0
120,171,0,0
120,172,0,0
120,173,0,0
120,174,0,0
120,175,0,0
120,176,0,0
120,177,0,0
120,178,0,0
120,179,0,0
120,180,0,0
120,181,0,0
120,182,0,0
120,183,0,0
120,184,0,0
120,185,0,0
120,186,0,0
120,187,0,0
120,188,0,0
120,189,100,100
120,190,0,0
120,191,0,0
120,192,0,0
120,193,0,0
120,194,0,0
120,195,0,0
120,196,0,0
120,197,0,0
120,198,0,0
120,199,0,0
120,200,0,0
120,201,72,14
120,202,12200,134
120,203,0,0
120,204,0,0
120,205,0,0
120,206,0,0
120,207,57,10
120,208,257,7
120,209,0,0
122,171,0,0
122,172,0,0
122,173,0,0
122,174,0,0
122,175,0,0
122,176,0,0
122,177,0,0
122,178,0,0
122,179,0,0
122,180,0,0
122,181,0,0
122,182,0,0
122,183,1480,0
122,184,0,0
122,185,0,0
122,186,0,0
122,187,0,0
122,188,0,0
122,189,0,0
122,190,0,0
122,191,3950,150
122,192,46700,1330
122,193,50600,640
122,194,0,0
122,195,0,0
122,196,898,126
122,197,815,118
122,198,1450,84
122,199,485,185
122,200,1090,150
122,201,911,319
122,202,268,26
122,203,32,32
122,204,0,0
122,205,0,0
122,206,0,0
122,207,0,0
122,208,0,0
122,209,0,0
123,171,0,0
123,172,0,0
123,173,0,0
123,174,0,0
123,175,0,0
123,176,0,0
123,177,0,0
123,178,0,0
123,179,0,0
123,180,0,0
123,181,0,0
123,182,0,0
123,183,0,0
123,184,0,0
123,185,0,0
123,186,0,0
123,187,0,0
123,188,0,0
123,189,0,0
123,190,0,0
123,191,0,0
123,192,0,0
123,193,0,0
123,194,0,0
123,195,0,0
123,196,0,0
123,197,0,0
123,198,0,0
123,199,0,0
123,200,213,13
123,201,0,0
123,202,0,0
123,203,0,0
123,204,0,0
123,205,0,0
123,206,0,0
123,207,0,0
123,208,0,0
123,209,0,0
124,171,0,0
124,172,0,0
124,173,0,0
124,174,0,0
124,175,0,0
124,176,0,0
124,177,0,0
124,178,0,0
124,179,0,0
124,180,0,0
124,181,0,0
124,182,0,0
124,183,0,0
124,184,0,0
124,185,0,0
124,186,0,0
124,187,0,0
124,188,0,0
124,189,0,0
124,190,0,0
124,191,0,0
124,192,0,0
124,193,0,0
124,194,0,0
124,195,0,0
124,196,0,0
124,197,0,0
124,198,0,0
124,199,0,0
124,200,0,0
124,201,0,0
124,202,0,0
124,203,1,0
124,204,0,0
124,205,0,0
124,206,0,0
124,207,0,0
124,208,0,0
124,209,0,0
125,171,0,0
125,172,0,0
125,173,0,0
125,174,0,0
125,175,0,0
125,176,0,0
125,177,0,0
125,178,0,0
125,179,0,0
125,180,0,0
125,181,0,0
125,182,0,0
125,183,0,0
125,184,0,0
125,185,0,0
125,186,0,0
125,187,0,0
125,188,0,0
125,189,0,0
125,190,0,0
125,191,0,0
125,192,383,2
125,193,0,0
125,194,0,0
125,195,0,0
125,196,13400,18
125,197,0,0
125,198,0,0
125,199,3360,7
125,200,0,0
125,201,0,0
125,202,0,0
125,203,0,0
125,204,0,0
125,205,0,0
125,206,0,0
125,207,0,0
125,208,0,0
125,209,0,0
126,171,3000,319
126,172,0,0
126,173,0,0
126,174,0,0
126,175,0,0
126,176,0,0
126,177,0,0
126,178,0,0
126,179,0,0
126,180,0,0
126,181,0,0
126,182,0,0
126,183,0,0
126,184,0,0
126,185,0,0
126,186,0,0
126,187,0,0
126,188,0,0
126,189,0,0
126,190,1970,186
126,191,0,0
126,192,93000,2840
126,193,0,0
126,194,0,0
126,195,0,0
126,196,66700,3020
126,197,11400,882
126,198,2420,262
126,199,0,0
126,200,790,49
126,201,1340,190
126,202,48600,573
126,203,3620,316
126,204,2060,195
126,205,20300,154
126,206,431,44
126,207,846,62
126,208,0,0
126,209,2980,173
127,171,0,0
127,172,0,0
127,173,0,0
127,174,0,0
127,175,0,0
127,176,0,0
127,177,0,0
127,178,0,0
127,179,0,0
127,180,0,0
127,181,0,0
127,182,0,0
127,183,0,0
127,184,0,0
127,185,0,0
127,186,0,0
127,187,2470,1070
127,188,650,530
127,189,0,0
127,190,70,29
127,191,60,60
127,192,18900,7690
127,193,100,100
127,194,0,0
127,195,0,0
127,196,0,0
127,197,48100,5540
127,198,0,0
127,199,250,39
127,200,3490,516
127,201,1350,99
127,202,3180,544
127,203,4160,255
127,204,0,0
127,205,2070,172
127,206,24600,719
127,207,0,0
127,208,200,200
127,209,244,178
128,171,0,0
128,172,0,0
128,173,0,0
128,174,0,0
128,175,0,0
128,176,0,0
128,177,0,0
128,178,0,0
128,179,0,0
128,180,0,0
128,181,0,0
128,182,0,0
128,183,0,0
128,184,0,0
128,185,0,0
128,186,0,0
128,187,0,0
128,188,0,0
128,189,0,0
128,190,0,0
128,191,0,0
128,192,0,0
128,193,0,0
128,194,0,0
128,195,0,0
128,196,0,0
128,197,200,0
128,198,0,0
128,199,0,0
128,200,0,0
128,201,0,0
128,202,0,0
128,203,0,0
128,204,0,0
128,205,0,0
128,206,0,0
128,207,3000,4
128,208,0,0
128,209,0,0
131,171,0,0
131,172,0,0
131,173,0,0
131,174,0,0
131,175,0,0
131,176,0,0
131,177,0,0
131,178,0,0
131,179,0,0
131,180,0,0
131,181,0,0
131,182,0,0
131,183,0,0
131,184,0,0
131,185,0,0
131,186,0,0
131,187,0,0
131,188,0,0
131,189,0,0
131,190,0,0
131,191,0,0
131,192,0,0
131,193,0,0
131,194,0,0
131,195,0,0
131,196,0,0
131,197,0,0
131,198,0,0
131,199,10000,83
131,200,0,0
131,201,367,109
131,202,5000,0
131,203,35,10
131,204,0,0
131,205,102,2
131,206,153,42
131,207,0,0
131,208,0,0
131,209,0,0
133,171,0,0
133,172,0,0
133,173,0,0
133,174,0,0
133,175,0,0
133,176,0,0
133,177,0,0
133,178,0,0
133,179,0,0
133,180,0,0
133,181,0,0
133,182,0,0
133,183,0,0
133,184,943,0
133,185,0,0
133,186,0,0
133,187,0,0
133,188,0,0
133,189,0,0
133,190,0,0
133,191,0,0
133,192,0,0
133,193,0,0
133,194,0,0
133,195,0,0
133,196,0,0
133,197,0,0
133,198,0,0
133,199,0,0
133,200,0,0
133,201,0,0
133,202,0,0
133,203,0,0
133,204,0,0
133,205,0,0
133,206,0,0
133,207,0,0
133,208,0,0
133,209,0,0
134,171,0,0
134,172,0,0
134,173,0,0
134,174,0,0
134,175,0,0
134,176,0,0
134,177,0,0
134,178,0,0
134,179,0,0
134,180,0,0
134,181,0,0
134,182,0,0
134,183,0,0
134,184,0,0
134,185,0,0
134,186,0,0
134,187,0,0
134,188,0,0
134,189,0,0
134,190,0,0
134,191,0,0
134,192,2100,43
134,193,57,57
134,194,0,0
134,195,0,0
134,196,2130,1
134,197,0,0
134,198,0,0
134,199,0,0
134,200,0,0
134,201,0,0
134,202,0,0
134,203,173,0
134,204,0,0
134,205,0,0
134,206,0,0
134,207,0,0
134,208,0,0
134,209,0,0
135,171,0,0
135,172,0,0
135,173,0,0
135,174,0,0
135,175,0,0
135,176,0,0
135,177,0,0
135,178,0,0
135,179,0,0
135,180,0,0
135,181,0,0
135,182,0,0
135,183,0,0
135,184,0,0
135,185,0,0
135,186,0,0
135,187,0,0
135,188,0,0
135,189,0,0
135,190,0,0
135,191,0,0
135,192,0,0
135,193,0,0
135,194,0,0
135,195,0,0
135,196,0,0
135,197,0,0
135,198,0,0
135,199,114,114
135,200,0,0
135,201,0,0
135,202,1400,0
135,203,2360,142
135,204,0,0
135,205,0,0
135,206,0,0
135,207,0,0
135,208,0,0
135,209,0,0
136,171,0,0
136,172,0,0
136,173,0,0
136,174,0,0
136,175,0,0
136,176,0,0
136,177,0,0
136,178,0,0
136,179,0,0
136,180,0,0
136,181,0,0
136,182,0,0
136,183,0,0
136,184,0,0
136,185,0,0
136,186,0,0
136,187,0,0
136,188,0,0
136,189,0,0
136,190,0,0
136,191,0,0
136,192,0,0
136,193,0,0
136,194,0,0
136,195,0,0
136,196,0,0
136,197,0,0
136,198,0,0
136,199,0,0
136,200,0,0
136,201,0,0
136,202,0,0
136,203,0,0
136,204,0,0
136,205,0,0
136,206,0,0
136,207,100000,17
136,208,0,0
136,209,1860,8
137,171,0,0
137,172,0,0
137,173,0,0
137,174,0,0
137,175,0,0
137,176,0,0
137,177,0,0
137,178,26,26
137,179,0,0
137,180,0,0
137,181,0,0
137,182,0,0
137,183,0,0
137,184,0,0
137,185,0,0
137,186,0,0
137,187,0,0
137,188,0,0
137,189,230,230
137,190,0,0
137,191,0,0
137,192,293000,9730
137,193,690,690
137,194,0,0
137,195,0,0
137,196,0,0
137,197,0,0
137,198,175,1
137,199,33800,16
137,200,0,0
137,201,0,0
137,202,0,0
137,203,0,0
137,204,0,0
137,205,0,0
137,206,0,0
137,207,0,0
137,208,0,0
137,209,0,0
138,171,0,0
138,172,0,0
138,173,0,0
138,174,0,0
138,175,0,0
138,176,0,0
138,177,0,0
138,178,756,75
138,179,17,17
138,180,0,0
138,181,0,0
138,182,0,0
138,183,0,0
138,184,0,0
138,185,0,0
138,186,0,0
138,187,0,0
138,188,0,0
138,189,0,0
138,190,0,0
138,191,221,21
138,192,0,0
138,193,70,70
138,194,0,0
138,195,0,0
138,196,0,0
138,197,1700,30
138,198,0,0
138,199,11200,202
138,200,412,10
138,201,665,1
138,202,0,0
138,203,14,2
138,204,0,0
138,205,130,32
138,206,0,0
138,207,0,0
138,208,0,0
138,209,0,0
142,171,0,0
142,172,0,0
142,173,0,0
142,174,0,0
142,175,0,0
142,176,0,0
142,177,0,0
142,178,0,0
142,179,0,0
142,180,0,0
142,181,0,0
142,182,0,0
142,183,0,0
142,184,0,0
142,185,0,0
142,186,0,0
142,187,0,0
142,188,0,0
142,189,0,0
142,190,0,0
142,191,0,0
142,192,0,0
142,193,0,0
142,194,0,0
142,195,0,0
142,196,0,0
142,197,527,0
142,198,0,0
142,199,0,0
142,200,4740,0
142,201,0,0
142,202,0,0
142,203,1,0
142,204,0,0
142,205,0,0
142,206,0,0
142,207,0,0
142,208,0,0
142,209,0,0
143,171,0,0
143,172,0,0
143,173,0,0
143,174,0,0
143,175,0,0
143,176,0,0
143,177,0,0
143,178,0,0
143,179,0,0
143,180,0,0
143,181,0,0
143,182,0,0
143,183,0,0
143,184,0,0
143,185,0,0
143,186,0,0
143,187,0,0
143,188,0,0
143,189,0,0
143,190,0,0
143,191,0,0
143,192,0,0
143,193,0,0
143,194,0,0
143,195,0,0
143,196,150000,0
143,197,0,0
143,198,4540,0
143,199,0,0
143,200,798,33
143,201,2940,0
143,202,0,0
143,203,1,0
143,204,0,0
143,205,0,0
143,206,0,0
143,207,0,0
143,208,0,0
143,209,0,0
144,171,0,0
144,172,0,0
144,173,0,0
144,174,0,0
144,175,0,0
144,176,0,0
144,177,0,0
144,178,0,0
144,179,2020,17
144,180,0,0
144,181,0,0
144,182,0,0
144,183,0,0
144,184,0,0
144,185,0,0
144,186,0,0
144,187,0,0
144,188,0,0
144,189,0,0
144,190,0,0
144,191,0,0
144,192,246,32
144,193,0,0
144,194,0,0
144,195,0,0
144,196,0,0
144,197,116,10
144,198,0,0
144,199,3010,55
144,200,564,76
144,201,174,10
144,202,0,0
144,203,719,83
144,204,0,0
144,205,544,4
144,206,0,0
144,207,335,35
144,208,0,0
144,209,0,0
147,171,0,0
147,172,0,0
147,173,0,0
147,174,0,0
147,175,0,0
147,176,0,0
147,177,0,0
147,178,0,0
147,179,0,0
147,180,0,0
147,181,0,0
147,182,0,0
147,183,0,0
147,184,0,0
147,185,0,0
147,186,0,0
147,187,150,150
147,188,0,0
147,189,0,0
147,190,1090,31
147,191,0,0
147,192,0,0
147,193,0,0
147,194,0,0
147,195,0,0
147,196,0,0
147,197,0,0
147,198,0,0
147,199,0,0
147,200,0,0
147,201,0,0
147,202,0,0
147,203,0,0
147,204,0,0
147,205,0,0
147,206,0,0
147,207,0,0
147,208,0,0
147,209,0,0
148,171,0,0
148,172,0,0
148,173,0,0
148,174,0,0
148,175,0,0
148,176,0,0
148,177,0,0
148,178,0,0
148,179,0,0
148,180,0,0
148,181,0,0
148,182,0,0
148,183,0,0
148,184,0,0
148,185,0,0
148,186,0,0
148,187,0,0
148,188,0,0
148,189,0,0
148,190,0,0
148,191,0,0
148,192,0,0
148,193,0,0
148,194,0,0
148,195,0,0
148,196,0,0
148,197,0,0
148,198,0,0
148,199,0,0
148,200,0,0
148,201,630,133
148,202,109,35
148,203,0,0
148,204,0,0
148,205,0,0
148,206,0,0
148,207,0,0
148,208,0,0
148,209,0,0
149,171,0,0
149,172,0,0
149,173,0,0
149,174,0,0
149,175,0,0
149,176,0,0
149,177,0,0
149,178,0,0
149,179,303,5
149,180,0,0
149,181,0,0
149,182,0,0
149,183,0,0
149,184,0,0
149,185,0,0
149,186,3400,300
149,187,0,0
149,188,0,0
149,189,0,0
149,190,0,0
149,191,0,0
149,192,0,0
149,193,0,0
149,194,0,0
149,195,0,0
149,196,3220,188
149,197,0,0
149,198,0,0
149,199,3080,372
149,200,0,0
149,201,0,0
149,202,0,0
149,203,199,18
149,204,0,0
149,205,867,6
149,206,23300,303
149,207,0,0
149,208,2840,16
149,209,0,0
151,171,0,0
151,172,0,0
151,173,0,0
151,174,0,0
151,175,0,0
151,176,0,0
151,177,0,0
151,178,0,0
151,179,0,0
151,180,0,0
151,181,0,0
151,182,0,0
151,183,0,0
151,184,0,0
151,185,0,0
151,186,0,0
151,187,0,0
151,188,0,0
151,189,0,0
151,190,0,0
151,191,0,0
151,192,0,0
151,193,0,0
151,194,0,0
151,195,0,0
151,196,0,0
151,197,0,0
151,198,0,0
151,199,0,0
151,200,0,0
151,201,0,0
151,202,0,0
151,203,0,0
151,204,0,0
151,205,0,0
151,206,5460,0
151,207,0,0
151,208,0,0
151,209,0,0
152,171,0,0
152,172,0,0
152,173,0,0
152,174,0,0
152,175,0,0
152,176,0,0
152,177,0,0
152,178,0,0
152,179,0,0
152,180,0,0
152,181,0,0
152,182,0,0
152,183,0,0
152,184,0,0
152,185,0,0
152,186,3350,352
152,187,0,0
152,188,0,0
152,189,0,0
152,190,0,0
152,191,0,0
152,192,0,0
152,193,0,0
152,194,0,0
152,195,0,0
152,196,0,0
152,197,1180,226
152,198,2080,51
152,199,1830,55
152,200,3360,133
152,201,38,38
152,202,15,12
152,203,0,0
152,204,100,10
152,205,689,56
152,206,0,0
152,207,0,0
152,208,0,0
152,209,1920,170
153,171,0,0
153,172,0,0
153,173,0,0
153,174,0,0
153,175,0,0
153,176,0,0
153,177,0,0
153,178,0,0
153,179,0,0
153,180,0,0
153,181,0,0
153,182,0,0
153,183,0,0
153,184,0,0
153,185,0,0
153,186,0,0
153,187,0,0
153,188,0,0
153,189,0,0
153,190,0,0
153,191,0,0
153,192,0,0
153,193,0,0
153,194,0,0
153,195,0,0
153,196,0,0
153,197,0,0
153,198,0,0
153,199,12,1
153,200,0,0
153,201,2020,2
153,202,0,0
153,203,238,33
153,204,0,0
153,205,0,0
153,206,0,0
153,207,0,0
153,208,0,0
153,209,0,0
157,171,0,0
157,172,0,0
157,173,0,0
157,174,0,0
157,175,0,0
157,176,0,0
157,177,0,0
157,178,2670,0
157,179,0,0
157,180,0,0
157,181,0,0
157,182,0,0
157,183,0,0
157,184,0,0
157,185,0,0
157,186,6080,1260
157,187,8400,1310
157,188,0,0
157,189,0,0
157,190,0,0
157,191,0,0
157,192,0,0
157,193,0,0
157,194,0,0
157,195,17100,100
157,196,0,0
157,197,5800,247
157,198,1540,500
157,199,15000,481
157,200,190,15
157,201,3180,688
157,202,144,33
157,203,1280,93
157,204,0,0
157,205,0,0
157,206,212,13
157,207,6020,144
157,208,36800,1130
157,209,676,13
158,171,0,0
158,172,0,0
158,173,0,0
158,174,0,0
158,175,0,0
158,176,0,0
158,177,0,0
158,178,0,0
158,179,0,0
158,180,0,0
158,181,0,0
158,182,0,0
158,183,0,0
158,184,0,0
158,185,0,0
158,186,0,0
158,187,0,0
158,188,0,0
158,189,0,0
158,190,0,0
158,191,0,0
158,192,0,0
158,193,0,0
158,194,0,0
158,195,0,0
158,196,0,0
158,197,0,0
158,198,0,0
158,199,0,0
158,200,0,0
158,201,86300,181
158,202,0,0
158,203,13400,85
158,204,0,0
158,205,179,5
158,206,0,0
158,207,0,0
158,208,0,0
158,209,762,11
159,171,0,0
159,172,0,0
159,173,0,0
159,174,0,0
159,175,0,0
159,176,0,0
159,177,0,0
159,178,0,0
159,179,0,0
159,180,0,0
159,181,0,0
159,182,0,0
159,183,0,0
159,184,0,0
159,185,0,0
159,186,0,0
159,187,0,0
159,188,0,0
159,189,0,0
159,190,0,0
159,191,0,0
159,192,0,0
159,193,0,0
159,194,0,0
159,195,0,0
159,196,0,0
159,197,0,0
159,198,0,0
159,199,350,0
159,200,0,0
159,201,39500,6
159,202,0,0
159,203,3,0
159,204,0,0
159,205,0,0
159,206,0,0
159,207,0,0
159,208,0,0
159,209,0,0
161,171,0,0
161,172,0,0
161,173,0,0
161,174,0,0
161,175,0,0
161,176,0,0
161,177,0,0
161,178,0,0
161,179,0,0
161,180,0,0
161,181,0,0
161,182,0,0
161,183,0,0
161,184,0,0
161,185,0,0
161,186,0,0
161,187,0,0
161,188,0,0
161,189,0,0
161,190,0,0
161,191,0,0
161,192,0,0
161,193,0,0
161,194,0,0
161,195,0,0
161,196,0,0
161,197,0,0
161,198,1380,0
161,199,0,0
161,200,0,0
161,201,0,0
161,202,753,2
161,203,1,0
161,204,0,0
161,205,0,0
161,206,0,0
161,207,0,0
161,208,0,0
161,209,0,0
162,171,0,0
162,172,0,0
162,173,0,0
162,174,0,0
162,175,0,0
162,176,0,0
162,177,0,0
162,178,728,0
162,179,0,0
162,180,0,0
162,181,0,0
162,182,0,0
162,183,0,0
162,184,0,0
162,185,0,0
162,186,0,0
162,187,0,0
162,188,53,53
162,189,0,0
162,190,0,0
162,191,0,0
162,192,0,0
162,193,0,0
162,194,0,0
162,195,0,0
162,196,0,0
162,197,0,0
162,198,1730,36
162,199,0,0
162,200,5940,1
162,201,115,2
162,202,0,0
162,203,0,0
162,204,0,0
162,205,0,0
162,206,0,0
162,207,0,0
162,208,0,0
162,209,0,0
166,171,0,0
166,172,0,0
166,173,0,0
166,174,0,0
166,175,0,0
166,176,0,0
166,177,449,150
166,178,0,0
166,179,0,0
166,180,0,0
166,181,0,0
166,182,0,0
166,183,0,0
166,184,0,0
166,185,0,0
166,186,0,0
166,187,0,0
166,188,60,60
166,189,41600,2770
166,190,0,0
166,191,0,0
166,192,12,12
166,193,0,0
166,194,0,0
166,195,0,0
166,196,0,0
166,197,2500,700
166,198,0,0
166,199,25500,3120
166,200,4320,357
166,201,2550,186
166,202,0,0
166,203,1330,49
166,204,205,27
166,205,8210,98
166,206,8100,650
166,207,29900,1140
166,208,8220,584
166,209,227,15
168,171,0,0
168,172,0,0
168,173,0,0
168,174,0,0
168,175,0,0
168,176,0,0
168,177,0,0
168,178,0,0
168,179,0,0
168,180,0,0
168,181,0,0
168,182,0,0
168,183,0,0
168,184,0,0
168,185,0,0
168,186,0,0
168,187,0,0
168,188,0,0
168,189,0,0
168,190,0,0
168,191,0,0
168,192,0,0
168,193,2260,30
168,194,0,0
168,195,0,0
168,196,0,0
168,197,80,80
168,198,0,0
168,199,0,0
168,200,0,0
168,201,1480,32
168,202,0,0
168,203,0,0
168,204,0,0
168,205,0,0
168,206,0,0
168,207,0,0
168,208,0,0
168,209,0,0
169,171,0,0
169,172,0,0
169,173,0,0
169,174,0,0
169,175,0,0
169,176,0,0
169,177,0,0
169,178,0,0
169,179,0,0
169,180,0,0
169,181,0,0
169,182,0,0
169,183,0,0
169,184,0,0
169,185,0,0
169,186,0,0
169,187,0,0
169,188,0,0
169,189,0,0
169,190,0,0
169,191,0,0
169,192,0,0
169,193,0,0
169,194,0,0
169,195,0,0
169,196,0,0
169,197,0,0
169,198,0,0
169,199,0,0
169,200,0,0
169,201,0,0
169,202,0,0
169,203,350,0
169,204,0,0
169,205,0,0
169,206,0,0
169,207,0,0
169,208,0,0
169,209,0,0
170,171,0,0
170,172,0,0
170,173,0,0
170,174,0,0
170,175,0,0
170,176,0,0
170,177,0,0
170,178,0,0
170,179,0,0
170,180,0,0
170,181,0,0
170,182,0,0
170,183,0,0
170,184,0,0
170,185,0,0
170,186,0,0
170,187,0,0
170,188,0,0
170,189,0,0
170,190,0,0
170,191,0,0
170,192,0,0
170,193,0,0
170,194,0,0
170,195,0,0
170,196,0,0
170,197,0,0
170,198,0,0
170,199,0,0
170,200,0,0
170,201,0,0
170,202,0,0
170,203,1,0
170,204,0,0
170,205,0,0
170,206,0,0
170,207,0,0
170,208,0,0
170,209,0,0
171,171,0,0
171,172,0,0
171,173,0,0
171,174,0,0
171,175,0,0
171,176,0,0
171,177,0,0
171,178,4250,88
171,179,0,0
171,180,0,0
171,181,0,0
171,182,0,0
171,183,0,0
171,184,0,0
171,185,0,0
171,186,0,0
171,187,0,0
171,188,0,0
171,189,0,0
171,190,0,0
171,191,0,0
171,192,0,0
171,193,0,0
171,194,0,0
171,195,0,0
171,196,0,0
171,197,0,0
171,198,0,0
171,199,0,0
171,200,0,0
171,201,0,0
171,202,0,0
171,203,0,0
171,204,0,0
171,205,0,0
171,206,0,0
171,207,0,0
171,208,0,0
171,209,0,0
172,171,0,0
172,172,0,0
172,173,0,0
172,174,0,0
172,175,0,0
172,176,0,0
172,177,0,0
172,178,0,0
172,179,0,0
172,180,0,0
172,181,0,0
172,182,0,0
172,183,0,0
172,184,0,0
172,185,0,0
172,186,0,0
172,187,0,0
172,188,0,0
172,189,0,0
172,190,0,0
172,191,0,0
172,192,0,0
172,193,0,0
172,194,0,0
172,195,0,0
172,196,0,0
172,197,7520,0
172,198,15800,168
172,199,0,0
172,200,203,3
172,201,0,0
172,202,0,0
172,203,0,0
172,204,256,0
172,205,0,0
172,206,0,0
172,207,0,0
172,208,0,0
172,209,0,0
173,171,0,0
173,172,0,0
173,173,0,0
173,174,0,0
173,175,0,0
173,176,0,0
173,177,0,0
173,178,6550,500
173,179,0,0
173,180,0,0
173,181,12,12
173,182,0,0
173,183,0,0
173,184,163,163
173,185,0,0
173,186,128,10
173,187,0,0
173,188,590,90
173,189,0,0
173,190,0,0
173,191,200,200
173,192,2310,574
173,193,0,0
173,194,0,0
173,195,0,0
173,196,0,0
173,197,0,0
173,198,44700,2330
173,199,43100,2460
173,200,585,56
173,201,935,37
173,202,540,25
173,203,158,9
173,204,0,0
173,205,0,0
173,206,582,6
173,207,1480,70
173,208,403,119
173,209,0,0
174,171,0,0
174,172,0,0
174,173,0,0
174,174,0,0
174,175,0,0
174,176,0,0
174,177,0,0
174,178,2900,100
174,179,0,0
174,180,0,0
174,181,0,0
174,182,0,0
174,183,0,0
174,184,0,0
174,185,0,0
174,186,0,0
174,187,0,0
174,188,0,0
174,189,0,0
174,190,0,0
174,191,0,0
174,192,0,0
174,193,0,0
174,194,0,0
174,195,0,0
174,196,0,0
174,197,0,0
174,198,0,0
174,199,0,0
174,200,0,0
174,201,2040,89
174,202,0,0
174,203,9,2
174,204,11,7
174,205,22,14
174,206,0,0
174,207,0,0
174,208,0,0
174,209,0,0
175,171,0,0
175,172,0,0
175,173,0,0
175,174,0,0
175,175,0,0
175,176,0,0
175,177,0,0
175,178,0,0
175,179,0,0
175,180,0,0
175,181,0,0
175,182,0,0
175,183,0,0
175,184,0,0
175,185,0,0
175,186,0,0
175,187,0,0
175,188,0,0
175,189,0,0
175,190,0,0
175,191,0,0
175,192,0,0
175,193,0,0
175,194,0,0
175,195,0,0
175,196,0,0
175,197,0,0
175,198,0,0
175,199,0,0
175,200,0,0
175,201,0,0
175,202,0,0
175,203,0,0
175,204,0,0
175,205,0,0
175,206,358,22
175,207,0,0
175,208,0,0
175,209,0,0
176,171,0,0
176,172,0,0
176,173,0,0
176,174,0,0
176,175,0,0
176,176,0,0
176,177,0,0
176,178,0,0
176,179,0,0
176,180,0,0
176,181,0,0
176,182,0,0
176,183,0,0
176,184,0,0
176,185,0,0
176,186,0,0
176,187,0,0
176,188,0,0
176,189,1670,50
176,190,0,0
176,191,0,0
176,192,0,0
176,193,0,0
176,194,0,0
176,195,0,0
176,196,0,0
176,197,2980,360
176,198,0,0
176,199,3910,239
176,200,0,0
176,201,0,0
176,202,1800,235
176,203,589,95
176,204,830,40
176,205,0,0
176,206,0,0
176,207,0,0
176,208,0,0
176,209,0,0
180,171,0,0
180,172,0,0
180,173,0,0
180,174,0,0
180,175,0,0
180,176,0,0
180,177,0,0
180,178,100000,0
180,179,0,0
180,180,0,0
180,181,0,0
180,182,0,0
180,183,0,0
180,184,0,0
180,185,0,0
180,186,0,0
180,187,0,0
180,188,161,11
180,189,0,0
180,190,0,0
180,191,0,0
180,192,0,0
180,193,0,0
180,194,0,0
180,195,0,0
180,196,0,0
180,197,0,0
180,198,0,0
180,199,0,0
180,200,0,0
180,201,0,0
180,202,0,0
180,203,0,0
180,204,0,0
180,205,12,4
180,206,0,0
180,207,242,20
180,208,0,0
180,209,0,0
183,171,0,0
183,172,0,0
183,173,0,0
183,174,0,0
183,175,0,0
183,176,0,0
183,177,0,0
183,178,0,0
183,179,0,0
183,180,0,0
183,181,0,0
183,182,0,0
183,183,156,3
183,184,0,0
183,185,0,0
183,186,0,0
183,187,367,27
183,188,0,0
183,189,0,0
183,190,1120,156
183,191,1370,197
183,192,100,100
183,193,50,50
183,194,0,0
183,195,0,0
183,196,0,0
183,197,20,20
183,198,100000,0
183,199,630,30
183,200,2340,137
183,201,982,259
183,202,23,14
183,203,0,0
183,204,277,35
183,205,56,3
183,206,747,21
183,207,4800,192
183,208,3810,103
183,209,416,28
184,171,0,0
184,172,0,0
184,173,0,0
184,174,0,0
184,175,0,0
184,176,0,0
184,177,0,0
184,178,0,0
184,179,0,0
184,180,0,0
184,181,0,0
184,182,0,0
184,183,0,0
184,184,0,0
184,185,0,0
184,186,0,0
184,187,0,0
184,188,0,0
184,189,0,0
184,190,0,0
184,191,0,0
184,192,0,0
184,193,0,0
184,194,0,0
184,195,1400,71
184,196,5540,204
184,197,0,0
184,198,102,0
184,199,0,0
184,200,0,0
184,201,0,0
184,202,0,0
184,203,0,0
184,204,0,0
184,205,0,0
184,206,0,0
184,207,0,0
184,208,0,0
184,209,0,0
186,171,0,0
186,172,0,0
186,173,0,0
186,174,0,0
186,175,0,0
186,176,0,0
186,177,0,0
186,178,0,0
186,179,0,0
186,180,0,0
186,181,0,0
186,182,0,0
186,183,0,0
186,184,0,0
186,185,42,26
186,186,178,34
186,187,0,0
186,188,0,0
186,189,0,0
186,190,0,0
186,191,0,0
186,192,0,0
186,193,0,0
186,194,0,0
186,195,0,0
186,196,0,0
186,197,0,0
186,198,0,0
186,199,0,0
186,200,0,0
186,201,0,0
186,202,41,11
186,203,4,0
186,204,0,0
186,205,0,0
186,206,0,0
186,207,0,0
186,208,0,0
186,209,0,0
187,171,0,0
187,172,0,0
187,173,0,0
187,174,0,0
187,175,0,0
187,176,0,0
187,177,0,0
187,178,0,0
187,179,0,0
187,180,0,0
187,181,0,0
187,182,0,0
187,183,0,0
187,184,0,0
187,185,0,0
187,186,0,0
187,187,0,0
187,188,0,0
187,189,0,0
187,190,0,0
187,191,53,3
187,192,0,0
187,193,0,0
187,194,403000,100
187,195,0,0
187,196,0,0
187,197,0,0
187,198,0,0
187,199,0,0
187,200,0,0
187,201,0,0
187,202,0,0
187,203,3870,214
187,204,0,0
187,205,0,0
187,206,0,0
187,207,0,0
187,208,0,0
187,209,0,0
189,171,0,0
189,172,0,0
189,173,0,0
189,174,0,0
189,175,0,0
189,176,0,0
189,177,0,0
189,178,0,0
189,179,0,0
189,180,0,0
189,181,0,0
189,182,0,0
189,183,0,0
189,184,0,0
189,185,0,0
189,186,0,0
189,187,0,0
189,188,0,0
189,189,0,0
189,190,0,0
189,191,0,0
189,192,0,0
189,193,0,0
189,194,0,0
189,195,0,0
189,196,0,0
189,197,0,0
189,198,0,0
189,199,188,40
189,200,0,0
189,201,0,0
189,202,0,0
189,203,0,0
189,204,0,0
189,205,0,0
189,206,0,0
189,207,0,0
189,208,0,0
189,209,0,0
191,171,0,0
191,172,1,1
191,173,0,0
191,174,0,0
191,175,0,0
191,176,0,0
191,177,0,0
191,178,0,0
191,179,0,0
191,180,0,0
191,181,0,0
191,182,0,0
191,183,0,0
191,184,0,0
191,185,0,0
191,186,0,0
191,187,0,0
191,188,0,0
191,189,0,0
191,190,37,37
191,191,9580,74
191,192,985,18
191,193,32,32
191,194,0,0
191,195,0,0
191,196,32300,0
191,197,0,0
191,198,0,0
191,199,0,0
191,200,0,0
191,201,0,0
191,202,0,0
191,203,0,0
191,204,0,0
191,205,0,0
191,206,0,0
191,207,0,0
191,208,0,0
191,209,0,0
192,171,0,0
192,172,0,0
192,173,0,0
192,174,0,0
192,175,0,0
192,176,0,0
192,177,0,0
192,178,0,0
192,179,0,0
192,180,0,0
192,181,0,0
192,182,0,0
192,183,0,0
192,184,0,0
192,185,0,0
192,186,0,0
192,187,0,0
192,188,0,0
192,189,0,0
192,190,0,0
192,191,200,200
192,192,0,0
192,193,0,0
192,194,0,0
192,195,0,0
192,196,0,0
192,197,9750,45
192,198,0,0
192,199,8230,234
192,200,0,0
192,201,0,0
192,202,0,0
192,203,63,5
192,204,23,15
192,205,93,42
192,206,99,16
192,207,0,0
192,208,27,27
192,209,0,0
193,171,0,0
193,172,0,0
193,173,0,0
193,174,0,0
193,175,0,0
193,176,0,0
193,177,0,0
193,178,0,0
193,179,0,0
193,180,0,0
193,181,0,0
193,182,0,0
193,183,0,0
193,184,0,0
193,185,0,0
193,186,0,0
193,187,0,0
193,188,0,0
193,189,0,0
193,190,0,0
193,191,0,0
193,192,0,0
193,193,0,0
193,194,0,0
193,195,0,0
193,196,0,0
193,197,0,0
193,198,0,0
193,199,0,0
193,200,0,0
193,201,321,32
193,202,0,0
193,203,0,0
193,204,0,0
193,205,0,0
193,206,179,0
193,207,0,0
193,208,0,0
193,209,0,0
194,171,0,0
194,172,0,0
194,173,0,0
194,174,0,0
194,175,0,0
194,176,0,0
194,177,0,0
194,178,0,0
194,179,0,0
194,180,0,0
194,181,0,0
194,182,0,0
194,183,51,51
194,184,0,0
194,185,0,0
194,186,0,0
194,187,0,0
194,188,0,0
194,189,0,0
194,190,0,0
194,191,752,85
194,192,13200,0
194,193,11700,0
194,194,0,0
194,195,0,0
194,196,0,0
194,197,0,0
194,198,0,0
194,199,0,0
194,200,13500,462
194,201,1390,163
194,202,436,11
194,203,0,0
194,204,4010,179
194,205,0,0
194,206,7640,21
194,207,110,5
194,208,120,5
194,209,0,0
195,171,0,0
195,172,0,0
195,173,0,0
195,174,0,0
195,175,0,0
195,176,0,0
195,177,0,0
195,178,0,0
195,179,0,0
195,180,0,0
195,181,0,0
195,182,0,0
195,183,0,0
195,184,0,0
195,185,0,0
195,186,0,0
195,187,0,0
195,188,0,0
195,189,0,0
195,190,0,0
195,191,0,0
195,192,0,0
195,193,5910,258
195,194,0,0
195,195,0,0
195,196,0,0
195,197,501000,1310
195,198,0,0
195,199,399,22
195,200,514,52
195,201,2920,112
195,202,0,0
195,203,456,4
195,204,790,40
195,205,0,0
195,206,1270,87
195,207,0,0
195,208,10100,67
195,209,31100,1560
