1,171,0,0
1,172,0,0
1,173,250000,150
1,174,0,0
1,175,0,0
1,176,0,0
1,177,80100,51
1,178,0,0
1,179,272000,120
1,180,0,0
1,181,30000,0
1,182,0,0
1,183,0,0
1,184,0,0
1,185,0,0
1,186,0,0
1,187,0,0
1,188,0,0
1,189,161000,0
1,190,0,0
1,191,0,0
1,192,141000,1190
1,193,4600,600
1,194,0,0
1,195,0,0
1,196,7530,27
1,197,9930,70
1,198,20800,70
1,199,330,30
1,200,500,0
1,201,0,0
1,202,0,0
1,203,5630,81
1,204,3890,136
1,205,4520,16
1,206,18600,295
1,207,33300,282
1,208,30600,296
1,209,1180,0
2,171,0,0
2,172,0,0
2,173,0,0
2,174,0,0
2,175,0,0
2,176,0,0
2,177,0,0
2,178,0,0
2,179,0,0
2,180,0,0
2,181,0,0
2,182,0,0
2,183,0,0
2,184,0,0
2,185,0,0
2,186,0,0
2,187,0,0
2,188,0,0
2,189,0,0
2,190,0,0
2,191,0,0
2,192,0,0
2,193,35000,11
2,194,0,0
2,195,0,0
2,196,3500,4
2,197,0,0
2,198,8000,0
2,199,0,0
2,200,0,0
2,201,0,0
2,202,0,0
2,203,66900,1
2,204,0,0
2,205,2500,0
2,206,503,3
2,207,0,0
2,208,0,0
2,209,0,0
3,171,0,0
3,172,0,0
3,173,0,0
3,174,146000,21
3,175,20000,11
3,176,0,0
3,177,0,0
3,178,0,0
3,179,0,0
3,180,30000,0
3,181,0,0
3,182,93,43
3,183,8550,37
3,184,0,0
3,185,1520,54
3,186,15000,26
3,187,0,0
3,188,0,0
3,189,0,0
3,190,0,0
3,191,0,0
3,192,0,0
3,193,2280,21
3,194,38,22
3,195,31200,40
3,196,0,0
3,197,105,4
3,198,3000,4
3,199,0,0
3,200,714,12
3,201,249,44
3,202,46300,921
3,203,2350,48
3,204,91,41
3,205,27600,22
3,206,1830,12
3,207,60000,1
3,208,1390,82
3,209,59100,89
5,171,0,0
5,172,0,0
5,173,0,0
5,174,0,0
5,175,0,0
5,176,0,0
5,177,0,0
5,178,0,0
5,179,0,0
5,180,0,0
5,181,0,0
5,182,0,0
5,183,0,0
5,184,0,0
5,185,0,0
5,186,0,0
5,187,0,0
5,188,0,0
5,189,0,0
5,190,100000,0
5,191,0,0
5,192,0,0
5,193,0,0
5,194,0,0
5,195,0,0
5,196,0,0
5,197,0,0
5,198,0,0
5,199,0,0
5,200,0,0
5,201,79100,46
5,202,40000,57
5,203,8,8
5,204,840,15
5,205,334000,28
5,206,10000,0
5,207,225,0
5,208,46100,105
5,209,81400,7
7,171,36,36
7,172,0,0
7,173,0,0
7,174,0,0
7,175,0,0
7,176,0,0
7,177,0,0
7,178,2500,0
7,179,1600,0
7,180,20000,0
7,181,40000,41
7,182,0,0
7,183,50000,0
7,184,6080000,0
7,185,0,0
7,186,1210000,37
7,187,204000,3
7,188,12000,0
7,189,4600000,25
7,190,0,0
7,191,2020,21
7,192,0,0
7,193,88100,45
7,194,0,0
7,195,0,0
7,196,2500,0
7,197,0,0
7,198,12500,0
7,199,360000,19
7,200,0,0
7,201,37900,13
7,202,251000,1
7,203,12000,8
7,204,163000,27
7,205,6310,5
7,206,0,0
7,207,4500,0
7,208,135000,10
7,209,85000,0
8,171,0,0
8,172,0,0
8,173,0,0
8,174,0,0
8,175,0,0
8,176,0,0
8,177,0,0
8,178,0,0
8,179,0,0
8,180,0,0
8,181,0,0
8,182,0,0
8,183,0,0
8,184,0,0
8,185,0,0
8,186,0,0
8,187,0,0
8,188,0,0
8,189,0,0
8,190,0,0
8,191,0,0
8,192,0,0
8,193,0,0
8,194,0,0
8,195,0,0
8,196,0,0
8,197,0,0
8,198,7000,4
8,199,144,0
8,200,0,0
8,201,0,0
8,202,0,0
8,203,0,0
8,204,0,0
8,205,1,1
8,206,0,0
8,207,0,0
8,208,0,0
8,209,0,0
9,171,0,0
9,172,27,27
9,173,0,0
9,174,12000,12
9,175,14,14
9,176,0,0
9,177,10000,0
9,178,0,0
9,179,7,7
9,180,0,0
9,181,0,0
9,182,2,2
9,183,0,0
9,184,0,0
9,185,36,36
9,186,0,0
9,187,8,8
9,188,0,0
9,189,16,16
9,190,9,9
9,191,6010,12
9,192,0,0
9,193,0,0
9,194,20500,1
9,195,0,0
9,196,0,0
9,197,13200,5
9,198,400,0
9,199,15200,20
9,200,0,0
9,201,600,0
9,202,4010,4
9,203,0,0
9,204,471,1
9,205,3620,3
9,206,3000,3
9,207,1100,0
9,208,5010,9
9,209,4210,5
10,171,0,0
10,172,0,0
10,173,0,0
10,174,0,0
10,175,0,0
10,176,0,0
10,177,0,0
10,178,0,0
10,179,0,0
10,180,0,0
10,181,0,0
10,182,0,0
10,183,0,0
10,184,0,0
10,185,0,0
10,186,12,12
10,187,0,0
10,188,0,0
10,189,0,0
10,190,0,0
10,191,0,0
10,192,5,5
10,193,0,0
10,194,0,0
10,195,0,0
10,196,2,2
10,197,0,0
10,198,3,3
10,199,0,0
10,200,3,3
10,201,0,0
10,202,0,0
10,203,60000,9
10,204,0,0
10,205,0,0
10,206,904,4
10,207,516,0
10,208,0,0
10,209,0,0
11,171,0,0
11,172,0,0
11,173,0,0
11,174,0,0
11,175,0,0
11,176,0,0
11,177,0,0
11,178,0,0
11,179,0,0
11,180,0,0
11,181,0,0
11,182,0,0
11,183,0,0
11,184,0,0
11,185,0,0
11,186,0,0
11,187,0,0
11,188,0,0
11,189,0,0
11,190,0,0
11,191,0,0
11,192,0,0
11,193,0,0
11,194,0,0
11,195,0,0
11,196,1660000,5
11,197,0,0
11,198,75000,11
11,199,0,0
11,200,0,0
11,201,0,0
11,202,0,0
11,203,0,0
11,204,31500,0
11,205,0,0
11,206,0,0
11,207,0,0
11,208,0,0
11,209,0,0
12,171,0,0
12,172,0,0
12,173,0,0
12,174,0,0
12,175,0,0
12,176,0,0
12,177,0,0
12,178,0,0
12,179,0,0
12,180,0,0
12,181,0,0
12,182,0,0
12,183,0,0
12,184,0,0
12,185,0,0
12,186,0,0
12,187,0,0
12,188,0,0
12,189,0,0
12,190,0,0
12,191,0,0
12,192,0,0
12,193,0,0
12,194,0,0
12,195,0,0
12,196,0,0
12,197,0,0
12,198,0,0
12,199,0,0
12,200,0,0
12,201,0,0
12,202,0,0
12,203,0,0
12,204,0,0
12,205,0,0
12,206,0,0
12,207,0,0
12,208,0,0
12,209,0,0
14,171,10000000,0
14,172,0,0
14,173,50,50
14,174,427,427
14,175,38000000,28700
14,176,0,0
14,177,4000000,168
14,178,214000,13
14,179,400000,17
14,180,0,0
14,181,10000000,655
14,182,0,0
14,183,308000,0
14,184,7160000,245
14,185,30000000,1200
14,186,500000,34
14,187,400000,30
14,188,29700000,2280
14,189,45000000,2440
14,190,200000,180
14,191,2010000,231
14,192,2990000,265
14,193,75200,17
14,194,15800000,194
14,195,395000,116
14,196,14700000,741
14,197,5830000,55
14,198,900000,79
14,199,15000000,1050
14,200,496000,196
14,201,2680000,43
14,202,700000,9
14,203,1500000,10
14,204,550000,252
14,205,36900000,761
14,206,1150000,55
14,207,212000,0
14,208,13900000,1230
14,209,618000,28
15,171,213,3
15,172,0,0
15,173,0,0
15,174,0,0
15,175,0,0
15,176,0,0
15,177,0,0
15,178,0,0
15,179,0,0
15,180,0,0
15,181,0,0
15,182,0,0
15,183,0,0
15,184,0,0
15,185,100,0
15,186,0,0
15,187,0,0
15,188,0,0
15,189,0,0
15,190,0,0
15,191,0,0
15,192,0,0
15,193,0,0
15,194,0,0
15,195,0,0
15,196,0,0
15,197,0,0
15,198,0,0
15,199,0,0
15,200,0,0
15,201,0,0
15,202,0,0
15,203,0,0
15,204,0,0
15,205,0,0
15,206,0,0
15,207,0,0
15,208,0,0
15,209,0,0
16,171,0,0
16,172,0,0
16,173,0,0
16,174,0,0
16,175,0,0
16,176,0,0
16,177,0,0
16,178,0,0
16,179,0,0
16,180,0,0
16,181,0,0
16,182,0,0
16,183,0,0
16,184,0,0
16,185,0,0
16,186,0,0
16,187,0,0
16,188,0,0
16,189,0,0
16,190,0,0
16,191,0,0
16,192,0,0
16,193,0,0
16,194,40000,0
16,195,0,0
16,196,0,0
16,197,0,0
16,198,0,0
16,199,0,0
16,200,2000,2
16,201,0,0
16,202,0,0
16,203,0,0
16,204,0,0
16,205,0,0
16,206,0,0
16,207,0,0
16,208,0,0
16,209,0,0
17,171,0,0
17,172,600,0
17,173,0,0
17,174,0,0
17,175,0,0
17,176,0,0
17,177,0,0
17,178,0,0
17,179,0,0
17,180,0,0
17,181,0,0
17,182,0,0
17,183,0,0
17,184,0,0
17,185,0,0
17,186,0,0
17,187,0,0
17,188,0,0
17,189,0,0
17,190,0,0
17,191,0,0
17,192,0,0
17,193,0,0
17,194,600,0
17,195,135,0
17,196,0,0
17,197,0,0
17,198,0,0
17,199,141,1
17,200,0,0
17,201,0,0
17,202,0,0
17,203,2400,2
17,204,0,0
17,205,0,0
17,206,210,0
17,207,0,0
17,208,0,0
17,209,0,0
18,171,0,0
18,172,0,0
18,173,0,0
18,174,0,0
18,175,0,0
18,176,0,0
18,177,0,0
18,178,0,0
18,179,0,0
18,180,17000,0
18,181,0,0
18,182,0,0
18,183,0,0
18,184,0,0
18,185,0,0
18,186,0,0
18,187,0,0
18,188,0,0
18,189,0,0
18,190,0,0
18,191,0,0
18,192,0,0
18,193,0,0
18,194,0,0
18,195,0,0
18,196,2600,0
18,197,0,0
18,198,0,0
18,199,0,0
18,200,0,0
18,201,0,0
18,202,0,0
18,203,0,0
18,204,0,0
18,205,0,0
18,206,0,0
18,207,0,0
18,208,0,0
18,209,38000,1
19,171,0,0
19,172,0,0
19,173,0,0
19,174,0,0
19,175,0,0
19,176,0,0
19,177,0,0
19,178,0,0
19,179,0,0
19,180,0,0
19,181,0,0
19,182,0,0
19,183,580000,0
19,184,0,0
19,185,0,0
19,186,475000,61
19,187,0,0
19,188,0,0
19,189,84000,0
19,190,0,0
19,191,0,0
19,192,3,3
19,193,0,0
19,194,0,0
19,195,34000,0
19,196,123000,20
19,197,149000,11
19,198,51000,0
19,199,420000,0
19,200,57500,3
19,201,0,0
19,202,0,0
19,203,0,0
19,204,0,0
19,205,0,0
19,206,0,0
19,207,0,0
19,208,10900,10
19,209,158000,15
20,171,0,0
20,172,0,0
20,173,0,0
20,174,0,0
20,175,0,0
20,176,0,0
20,177,0,0
20,178,0,0
20,179,0,0
20,180,0,0
20,181,0,0
20,182,0,0
20,183,0,0
20,184,0,0
20,185,0,0
20,186,0,0
20,187,0,0
20,188,0,0
20,189,0,0
20,190,0,0
20,191,0,0
20,192,0,0
20,193,0,0
20,194,0,0
20,195,622,22
20,196,0,0
20,197,0,0
20,198,0,0
20,199,0,0
20,200,0,0
20,201,1200,200
20,202,0,0
20,203,0,0
20,204,0,0
20,205,0,0
20,206,0,0
20,207,0,0
20,208,0,0
20,209,0,0
21,171,0,0
21,172,0,0
21,173,0,0
21,174,0,0
21,175,18000,31
21,176,0,0
21,177,0,0
21,178,90000,10
21,179,178000,40
21,180,0,0
21,181,15000,0
21,182,0,0
21,183,30000,0
21,184,50300,250
21,185,3000,0
21,186,475,0
21,187,310000,29
21,188,20000,25
21,189,0,0
21,190,0,0
21,191,0,0
21,192,0,0
21,193,40100,4
21,194,0,0
21,195,0,0
21,196,0,0
21,197,0,0
21,198,190000,56
21,199,0,0
21,200,1600,0
21,201,7040,30
21,202,357000,41
21,203,5220,76
21,204,57600,74
21,205,0,0
21,206,0,0
21,207,127000,25
21,208,825000,115
21,209,0,0
22,171,0,0
22,172,0,0
22,173,0,0
22,174,0,0
22,175,0,0
22,176,0,0
22,177,0,0
22,178,0,0
22,179,0,0
22,180,0,0
22,181,0,0
22,182,0,0
22,183,0,0
22,184,0,0
22,185,0,0
22,186,0,0
22,187,0,0
22,188,0,0
22,189,0,0
22,190,0,0
22,191,0,0
22,192,0,0
22,193,0,0
22,194,0,0
22,195,0,0
22,196,0,0
22,197,0,0
22,198,0,0
22,199,0,0
22,200,0,0
22,201,0,0
22,202,9000,0
22,203,0,0
22,204,0,0
22,205,278000,0
22,206,3100,0
22,207,0,0
22,208,0,0
22,209,0,0
23,171,0,0
23,172,0,0
23,173,1000,0
23,174,0,0
23,175,0,0
23,176,0,0
23,177,0,0
23,178,0,0
23,179,0,0
23,180,0,0
23,181,0,0
23,182,0,0
23,183,0,0
23,184,0,0
23,185,0,0
23,186,0,0
23,187,0,0
23,188,0,0
23,189,12000,8
23,190,0,0
23,191,0,0
23,192,0,0
23,193,0,0
23,194,0,0
23,195,0,0
23,196,5520,20
23,197,0,0
23,198,0,0
23,199,0,0
23,200,0,0
23,201,139000,3
23,202,0,0
23,203,0,0
23,204,0,0
23,205,4960,0
23,206,0,0
23,207,0,0
23,208,0,0
23,209,0,0
24,171,105000,172
24,172,13200,239
24,173,0,0
24,174,20,20
24,175,325000,205
24,176,828000,118
24,177,0,0
24,178,131000,62
24,179,1030,26
24,180,1500000,300
24,181,271000,67
24,182,52400,97
24,183,0,0
24,184,3340000,143
24,185,392000,263
24,186,612000,101
24,187,8360,28
24,188,10600,107
24,189,3070000,655
24,190,1030000,137
24,191,2820,24
24,192,17000,20
24,193,148000,107
24,194,0,0
24,195,0,0
24,196,33900,110
24,197,7020,15
24,198,62300,90
24,199,47500,13
24,200,7,7
24,201,87100,48
24,202,11100,85
24,203,3520,17
24,204,206000,255
24,205,5290,35
24,206,41100,47
24,207,116000,20
24,208,206000,69
24,209,1790000,200
26,171,0,0
26,172,0,0
26,173,0,0
26,174,0,0
26,175,0,0
26,176,0,0
26,177,0,0
26,178,0,0
26,179,0,0
26,180,0,0
26,181,0,0
26,182,0,0
26,183,0,0
26,184,0,0
26,185,0,0
26,186,0,0
26,187,0,0
26,188,0,0
26,189,0,0
26,190,0,0
26,191,0,0
26,192,0,0
26,193,0,0
26,194,0,0
26,195,0,0
26,196,0,0
26,197,0,0
26,198,200,0
26,199,0,0
26,200,0,0
26,201,0,0
26,202,0,0
26,203,1,1
26,204,0,0
26,205,0,0
26,206,12200,39
26,207,0,0
26,208,1080,12
26,209,0,0
27,171,0,0
27,172,0,0
27,173,0,0
27,174,0,0
27,175,0,0
27,176,0,0
27,177,0,0
27,178,900,0
27,179,0,0
27,180,0,0
27,181,0,0
27,182,0,0
27,183,0,0
27,184,0,0
27,185,1500,0
27,186,572,0
27,187,0,0
27,188,0,0
27,189,33300,16
27,190,0,0
27,191,0,0
27,192,0,0
27,193,0,0
27,194,0,0
27,195,66500,22
27,196,0,0
27,197,0,0
27,198,0,0
27,199,0,0
27,200,1570,6
27,201,0,0
27,202,0,0
27,203,0,0
27,204,12100,0
27,205,0,0
27,206,0,0
27,207,25600,0
27,208,121000,52
27,209,4880,6
28,171,0,0
28,172,0,0
28,173,0,0
28,174,0,0
28,175,0,0
28,176,0,0
28,177,0,0
28,178,0,0
28,179,0,0
28,180,0,0
28,181,0,0
28,182,0,0
28,183,0,0
28,184,0,0
28,185,0,0
28,186,0,0
28,187,0,0
28,188,0,0
28,189,0,0
28,190,3610,12
28,191,0,0
28,192,0,0
28,193,0,0
28,194,0,0
28,195,0,0
28,196,0,0
28,197,0,0
28,198,0,0
28,199,0,0
28,200,0,0
28,201,500,0
28,202,0,0
28,203,8000,0
28,204,0,0
28,205,10000,0
28,206,5000,0
28,207,14800,22
28,208,25700,5
28,209,3280,9
29,171,0,0
29,172,0,0
29,173,0,0
29,174,0,0
29,175,0,0
29,176,0,0
29,177,0,0
29,178,0,0
29,179,0,0
29,180,0,0
29,181,0,0
29,182,0,0
29,183,0,0
29,184,0,0
29,185,0,0
29,186,0,0
29,187,0,0
29,188,0,0
29,189,0,0
29,190,0,0
29,191,0,0
29,192,900000,100
29,193,0,0
29,194,0,0
29,195,29500,506
29,196,0,0
29,197,1300000,59
29,198,0,0
29,199,0,0
29,200,660000,7
29,201,3450000,347
29,202,1670000,56
29,203,1470000,29
29,204,0,0
29,205,0,0
29,206,16,16
29,207,38000,5
29,208,19000,2
29,209,0,0
30,171,0,0
30,172,0,0
30,173,0,0
30,174,0,0
30,175,0,0
30,176,0,0
30,177,0,0
30,178,0,0
30,179,0,0
30,180,0,0
30,181,0,0
30,182,0,0
30,183,0,0
30,184,0,0
30,185,0,0
30,186,0,0
30,187,0,0
30,188,0,0
30,189,1000,2
30,190,0,0
30,191,0,0
30,192,202,2
30,193,0,0
30,194,0,0
30,195,6,6
30,196,0,0
30,197,0,0
30,198,0,0
30,199,0,0
30,200,1020,24
30,201,503,3
30,202,1530,30
30,203,0,0
30,204,0,0
30,205,0,0
30,206,2,2
30,207,0,0
30,208,10300,8
30,209,25000,9
31,171,0,0
31,172,0,0
31,173,0,0
31,174,0,0
31,175,0,0
31,176,0,0
31,177,0,0
31,178,0,0
31,179,0,0
31,180,0,0
31,181,0,0
31,182,0,0
31,183,0,0
31,184,0,0
31,185,0,0
31,186,0,0
31,187,4500,0
31,188,1,1
31,189,2,2
31,190,0,0
31,191,8,8
31,192,0,0
31,193,0,0
31,194,200,0
31,195,0,0
31,196,5600,0
31,197,12000,10
31,198,29000,4
31,199,3100,3
31,200,0,0
31,201,0,0
31,202,0,0
31,203,0,0
31,204,2470,4
31,205,1000,0
31,206,5600,4
31,207,3900,1
31,208,500,0
31,209,2400,0
33,171,0,0
33,172,0,0
33,173,0,0
33,174,13000,0
33,175,0,0
33,176,0,0
33,177,0,0
33,178,0,0
33,179,0,0
33,180,0,0
33,181,0,0
33,182,0,0
33,183,0,0
33,184,0,0
33,185,0,0
33,186,0,0
33,187,0,0
33,188,0,0
33,189,0,0
33,190,0,0
33,191,0,0
33,192,0,0
33,193,0,0
33,194,0,0
33,195,0,0
33,196,3910,0
33,197,17500,7
33,198,0,0
33,199,9200,0
33,200,45900,0
33,201,0,0
33,202,0,0
33,203,0,0
33,204,240,0
33,205,12700,3
33,206,23800,1
33,207,0,0
33,208,7810,1
33,209,795,0
34,171,0,0
34,172,0,0
34,173,0,0
34,174,0,0
34,175,0,0
34,176,0,0
34,177,0,0
34,178,0,0
34,179,0,0
34,180,0,0
34,181,0,0
34,182,0,0
34,183,0,0
34,184,0,0
34,185,0,0
34,186,500,0
34,187,0,0
34,188,0,0
34,189,47500,43
34,190,0,0
34,191,0,0
34,192,53,39
34,193,0,0
34,194,0,0
34,195,0,0
34,196,80700,2
34,197,0,0
34,198,0,0
34,199,1000,0
34,200,174000,0
34,201,0,0
34,202,176000,100
34,203,0,0
34,204,0,0
34,205,0,0
34,206,0,0
34,207,52,52
34,208,173000,15
34,209,14500,0
35,171,0,0
35,172,0,0
35,173,0,0
35,174,0,0
35,175,40000,32
35,176,0,0
35,177,0,0
35,178,0,0
35,179,6000,4
35,180,0,0
35,181,0,0
35,182,0,0
35,183,8000,0
35,184,0,0
35,185,0,0
35,186,0,0
35,187,54100,23
35,188,198000,127
35,189,0,0
35,190,21,21
35,191,2500,0
35,192,0,0
35,193,0,0
35,194,3390,109
35,195,0,0
35,196,28,28
35,197,0,0
35,198,76800,22
35,199,0,0
35,200,0,0
35,201,182000,16
35,202,12600,4
35,203,231000,19
35,204,0,0
35,205,9000,3
35,206,1350,5
35,207,95900,18
35,208,0,0
35,209,145000,9
36,171,0,0
36,172,0,0
36,173,0,0
36,174,0,0
36,175,0,0
36,176,0,0
36,177,0,0
36,178,0,0
36,179,0,0
36,180,0,0
36,181,113000,6300
36,182,3190000,2320
36,183,817000,447
36,184,100,100
36,185,28000,31
36,186,19200,1220
36,187,9800000,313
36,188,941000,219
36,189,25700000,1240
36,190,100000000,2000
36,191,42300000,495
36,192,210000000,1860
36,193,685000,540
36,194,8630,1230
36,195,112000000,1560
36,196,127000000,1620
36,197,155000000,4090
36,198,7690000,1090
36,199,243000000,4250
36,200,107000000,1190
36,201,763000,422
36,202,2350000,402
36,203,113000000,1250
36,204,156000000,662
36,205,42700000,450
36,206,34800000,578
36,207,15000000,430
36,208,111000000,1030
36,209,7190000,352
37,171,5110000,407
37,172,51,51
37,173,0,0
37,174,5180,9
37,175,0,0
37,176,0,0
37,177,47,47
37,178,0,0
37,179,0,0
37,180,102000,62
37,181,90,40
37,182,150,150
37,183,90,90
37,184,0,0
37,185,0,0
37,186,0,0
37,187,250000,13
37,188,871,21
37,189,131000,120
37,190,16,16
37,191,20600,10
37,192,0,0
37,193,0,0
37,194,80400,63
37,195,18000,37
37,196,86100,69
37,197,180000,12
37,198,15000,2
37,199,0,0
37,200,151000,41
37,201,79100,113
37,202,6000,0
37,203,125000,65
37,204,74100,56
37,205,532000,115
37,206,602000,180
37,207,222000,150
37,208,1610000,218
37,209,1250000,89
39,171,0,0
39,172,0,0
39,173,0,0
39,174,0,0
39,175,0,0
39,176,0,0
39,177,0,0
39,178,0,0
39,179,0,0
39,180,0,0
39,181,0,0
39,182,0,0
39,183,0,0
39,184,0,0
39,185,0,0
39,186,0,0
39,187,0,0
39,188,0,0
39,189,0,0
39,190,0,0
39,191,27500,23
39,192,0,0
39,193,0,0
39,194,0,0
39,195,89,39
39,196,0,0
39,197,0,0
39,198,35500,0
39,199,0,0
39,200,78000,2
39,201,0,0
39,202,13100,50
39,203,2580,40
39,204,1480,1
39,205,0,0
39,206,0,0
39,207,13000,1
39,208,1630,32
39,209,517,15
40,171,0,0
40,172,0,0
40,173,0,0
40,174,0,0
40,175,0,0
40,176,0,0
40,177,0,0
40,178,0,0
40,179,0,0
40,180,0,0
40,181,0,0
40,182,0,0
40,183,0,0
40,184,0,0
40,185,0,0
40,186,0,0
40,187,0,0
40,188,0,0
40,189,0,0
40,190,0,0
40,191,0,0
40,192,0,0
40,193,0,0
40,194,0,0
40,195,16500,0
40,196,0,0
40,197,0,0
40,198,0,0
40,199,20000,0
40,200,42000,2
40,201,0,0
40,202,0,0
40,203,53000,0
40,204,0,0
40,205,0,0
40,206,2000,1
40,207,5010,6
40,208,25000,0
40,209,0,0
41,171,15300,24
41,172,0,0
41,173,0,0
41,174,0,0
41,175,0,0
41,176,0,0
41,177,0,0
41,178,0,0
41,179,0,0
41,180,0,0
41,181,1350,1
41,182,0,0
41,183,0,0
41,184,0,0
41,185,0,0
41,186,0,0
41,187,0,0
41,188,0,0
41,189,12500,7
41,190,0,0
41,191,0,0
41,192,185000,1
41,193,0,0
41,194,38500,9
41,195,2560,2
41,196,0,0
41,197,20000,6
41,198,0,0
41,199,0,0
41,200,10000,9
41,201,0,0
41,202,1440,0
41,203,95100,10
41,204,2500,1
41,205,3060,2
41,206,3000,5
41,207,0,0
41,208,24500,19
41,209,155000,7
42,171,0,0
42,172,0,0
42,173,0,0
42,174,0,0
42,175,0,0
42,176,0,0
42,177,0,0
42,178,0,0
42,179,0,0
42,180,0,0
42,181,0,0
42,182,0,0
42,183,0,0
42,184,0,0
42,185,0,0
42,186,0,0
42,187,0,0
42,188,0,0
42,189,0,0
42,190,7000,0
42,191,0,0
42,192,0,0
42,193,0,0
42,194,0,0
42,195,0,0
42,196,0,0
42,197,28,28
42,198,0,0
42,199,0,0
42,200,0,0
42,201,0,0
42,202,0,0
42,203,0,0
42,204,0,0
42,205,0,0
42,206,0,0
42,207,0,0
42,208,2000,0
42,209,456,6
43,171,0,0
43,172,0,0
43,173,0,0
43,174,0,0
43,175,0,0
43,176,0,0
43,177,0,0
43,178,0,0
43,179,0,0
43,180,0,0
43,181,0,0
43,182,0,0
43,183,0,0
43,184,0,0
43,185,0,0
43,186,0,0
43,187,0,0
43,188,0,0
43,189,0,0
43,190,0,0
43,191,0,0
43,192,0,0
43,193,0,0
43,194,0,0
43,195,0,0
43,196,0,0
43,197,0,0
43,198,0,0
43,199,0,0
43,200,0,0
43,201,600,0
43,202,1200,0
43,203,0,0
43,204,0,0
43,205,0,0
43,206,250,0
43,207,0,0
43,208,0,0
43,209,0,0
44,171,0,0
44,172,0,0
44,173,0,0
44,174,0,0
44,175,0,0
44,176,0,0
44,177,0,0
44,178,18000,7
44,179,0,0
44,180,0,0
44,181,0,0
44,182,0,0
44,183,0,0
44,184,165000,15
44,185,0,0
44,186,3000,0
44,187,7500,0
44,188,0,0
44,189,90000,23
44,190,0,0
44,191,11000,4
44,192,0,0
44,193,9130,0
44,194,572000,46
44,195,38600,12
44,196,33200,0
44,197,10900,3
44,198,35000,0
44,199,0,0
44,200,0,0
44,201,677,2
44,202,0,0
44,203,35000,0
44,204,600,0
44,205,0,0
44,206,0,0
44,207,1500,2
44,208,18000,0
44,209,20000,0
46,171,0,0
46,172,0,0
46,173,0,0
46,174,0,0
46,175,0,0
46,176,0,0
46,177,0,0
46,178,0,0
46,179,0,0
46,180,0,0
46,181,0,0
46,182,0,0
46,183,0,0
46,184,0,0
46,185,0,0
46,186,0,0
46,187,0,0
46,188,0,0
46,189,0,0
46,190,0,0
46,191,0,0
46,192,0,0
46,193,0,0
46,194,0,0
46,195,0,0
46,196,0,0
46,197,61,1
46,198,102000,29
46,199,6,6
46,200,0,0
46,201,0,0
46,202,0,0
46,203,200000,18
46,204,0,0
46,205,0,0
46,206,1,1
46,207,4320,6
46,208,0,0
46,209,0,0
48,171,0,0
48,172,0,0
48,173,0,0
48,174,0,0
48,175,0,0
48,176,0,0
48,177,0,0
48,178,91000,0
48,179,106000,0
48,180,0,0
48,181,0,0
48,182,102000,25
48,183,0,0
48,184,0,0
48,185,0,0
48,186,0,0
48,187,0,0
48,188,0,0
48,189,0,0
48,190,150000,10
48,191,0,0
48,192,0,0
48,193,0,0
48,194,20000,0
48,195,120000,145
48,196,0,0
48,197,0,0
48,198,0,0
48,199,0,0
48,200,0,0
48,201,0,0
48,202,0,0
48,203,0,0
48,204,0,0
48,205,100000,51
48,206,0,0
48,207,0,0
48,208,0,0
48,209,0,0
50,171,0,0
50,172,0,0
50,173,0,0
50,174,0,0
50,175,0,0
50,176,0,0
50,177,0,0
50,178,0,0
50,179,0,0
50,180,1030,32
50,181,0,0
50,182,150000,20
50,183,0,0
50,184,0,0
50,185,0,0
50,186,907,12
50,187,0,0
50,188,0,0
50,189,1190000,0
50,190,0,0
50,191,0,0
50,192,10,10
50,193,0,0
50,194,20000,30
50,195,0,0
50,196,0,0
50,197,1000,3
50,198,0,0
50,199,0,0
50,200,0,0
50,201,0,0
50,202,0,0
50,203,1750,3
50,204,65500,10
50,205,10700,688
50,206,1450,3
50,207,0,0
50,208,19800,12
50,209,0,0
51,171,151000,20
51,172,2400,0
51,173,0,0
51,174,30000,0
51,175,0,0
51,176,0,0
51,177,0,0
51,178,0,0
51,179,0,0
51,180,0,0
51,181,0,0
51,182,0,0
51,183,700000,307
51,184,200000,0
51,185,0,0
51,186,0,0
51,187,0,0
51,188,10000,0
51,189,0,0
51,190,30000,35
51,191,0,0
51,192,0,0
51,193,205000,22
51,194,0,0
51,195,0,0
51,196,0,0
51,197,0,0
51,198,49300,245
51,199,0,0
51,200,0,0
51,201,66,34
51,202,9590,58
51,203,54700,31
51,204,7910,0
51,205,0,0
51,206,0,0
51,207,57700,16
51,208,0,0
51,209,289000,41
52,171,0,0
52,172,0,0
52,173,0,0
52,174,0,0
52,175,0,0
52,176,15,15
52,177,0,0
52,178,0,0
52,179,0,0
52,180,66100,50
52,181,0,0
52,182,0,0
52,183,0,0
52,184,0,0
52,185,0,0
52,186,0,0
52,187,0,0
52,188,0,0
52,189,0,0
52,190,0,0
52,191,0,0
52,192,209,1
52,193,0,0
52,194,0,0
52,195,161000,600
52,196,3010,7
52,197,272,12
52,198,4,4
52,199,0,0
52,200,0,0
52,201,0,0
52,202,0,0
52,203,888,18
52,204,0,0
52,205,0,0
52,206,0,0
52,207,0,0
52,208,0,0
52,209,0,0
53,171,0,0
53,172,0,0
53,173,0,0
53,174,0,0
53,175,0,0
53,176,0,0
53,177,0,0
53,178,0,0
53,179,0,0
53,180,0,0
53,181,0,0
53,182,0,0
53,183,68500,500
53,184,0,0
53,185,0,0
53,186,0,0
53,187,0,0
53,188,0,0
53,189,39100,33
53,190,10,10
53,191,0,0
53,192,0,0
53,193,8000,2
53,194,0,0
53,195,0,0
53,196,1510,8
53,197,0,0
53,198,0,0
53,199,0,0
53,200,5460,7
53,201,402,2
53,202,1000,0
53,203,101,1
53,204,0,0
53,205,0,0
53,206,2380,48
53,207,0,0
53,208,502,2
53,209,3030,30
55,171,0,0
55,172,0,0
55,173,0,0
55,174,0,0
55,175,0,0
55,176,0,0
55,177,0,0
55,178,0,0
55,179,0,0
55,180,0,0
55,181,0,0
55,182,0,0
55,183,0,0
55,184,0,0
55,185,0,0
55,186,0,0
55,187,0,0
55,188,0,0
55,189,0,0
55,190,0,0
55,191,0,0
55,192,0,0
55,193,0,0
55,194,0,0
55,195,0,0
55,196,0,0
55,197,0,0
55,198,0,0
55,199,0,0
55,200,0,0
55,201,0,0
55,202,0,0
55,203,0,0
55,204,0,0
55,205,7010,0
55,206,0,0
55,207,0,0
55,208,0,0
55,209,0,0
57,171,0,0
57,172,0,0
57,173,0,0
57,174,0,0
57,175,0,0
57,176,0,0
57,177,70000,0
57,178,16000,7
57,179,1010,9
57,180,0,0
57,181,0,0
57,182,20000,0
57,183,0,0
57,184,0,0
57,185,0,0
57,186,28000,9
57,187,0,0
57,188,0,0
57,189,47300,45
57,190,0,0
57,191,350000,0
57,192,0,0
57,193,0,0
57,194,34800,2
57,195,43000,4
57,196,93900,27
57,197,115000,40
57,198,65400,326
57,199,0,0
57,200,147000,48
57,201,30100,69
57,202,39500,5
57,203,4020,22
57,204,110000,119
57,205,0,0
57,206,243000,211
57,207,435000,951
57,208,245000,17
57,209,117000,45
58,171,0,0
58,172,0,0
58,173,0,0
58,174,0,0
58,175,0,0
58,176,0,0
58,177,0,0
58,178,0,0
58,179,0,0
58,180,0,0
58,181,0,0
58,182,0,0
58,183,0,0
58,184,0,0
58,185,0,0
58,186,0,0
58,187,215000,19
58,188,0,0
58,189,0,0
58,190,10,10
58,191,0,0
58,192,0,0
58,193,0,0
58,194,0,0
58,195,0,0
58,196,0,0
58,197,0,0
58,198,0,0
58,199,0,0
58,200,0,0
58,201,4,4
58,202,0,0
58,203,0,0
58,204,0,0
58,205,600,0
58,206,0,0
58,207,228,4
58,208,906,6
58,209,0,0
59,171,0,0
59,172,0,0
59,173,0,0
59,174,0,0
59,175,0,0
59,176,0,0
59,177,0,0
59,178,0,0
59,179,0,0
59,180,0,0
59,181,0,0
59,182,0,0
59,183,0,0
59,184,0,0
59,185,0,0
59,186,0,0
59,187,0,0
59,188,0,0
59,189,0,0
59,190,0,0
59,191,0,0
59,192,0,0
59,193,0,0
59,194,0,0
59,195,0,0
59,196,0,0
59,197,0,0
59,198,0,0
59,199,0,0
59,200,0,0
59,201,0,0
59,202,0,0
59,203,0,0
59,204,0,0
59,205,0,0
59,206,400,0
59,207,0,0
59,208,0,0
59,209,0,0
60,171,0,0
60,172,0,0
60,173,0,0
60,174,0,0
60,175,0,0
60,176,0,0
60,177,0,0
60,178,25000,26
60,179,1000,3
60,180,0,0
60,181,319,6
60,182,0,0
60,183,0,0
60,184,3730,18
60,185,0,0
60,186,0,0
60,187,0,0
60,188,23,23
60,189,310,10
60,190,0,0
60,191,0,0
60,192,0,0
60,193,3,3
60,194,4,4
60,195,423,13
60,196,0,0
60,197,1380,4
60,198,0,0
60,199,0,0
60,200,4140,36
60,201,2320,5
60,202,16900,3
60,203,3500,23
60,204,27000,10
60,205,0,0
60,206,4000,3
60,207,0,0
60,208,0,0
60,209,0,0
61,171,0,0
61,172,0,0
61,173,0,0
61,174,0,0
61,175,0,0
61,176,0,0
61,177,0,0
61,178,0,0
61,179,0,0
61,180,0,0
61,181,0,0
61,182,0,0
61,183,0,0
61,184,0,0
61,185,0,0
61,186,0,0
61,187,0,0
61,188,0,0
61,189,10000,0
61,190,0,0
61,191,0,0
61,192,0,0
61,193,0,0
61,194,0,0
61,195,0,0
61,196,0,0
61,197,0,0
61,198,0,0
61,199,0,0
61,200,0,0
61,201,0,0
61,202,0,0
61,203,0,0
61,204,0,0
61,205,0,0
61,206,0,0
61,207,0,0
61,208,0,0
61,209,0,0
62,171,0,0
62,172,0,0
62,173,0,0
62,174,0,0
62,175,0,0
62,176,0,0
62,177,0,0
62,178,0,0
62,179,0,0
62,180,0,0
62,181,0,0
62,182,0,0
62,183,0,0
62,184,0,0
62,185,0,0
62,186,0,0
62,187,0,0
62,188,0,0
62,189,0,0
62,190,0,0
62,191,0,0
62,192,0,0
62,193,0,0
62,194,0,0
62,195,0,0
62,196,0,0
62,197,4000,0
62,198,0,0
62,199,0,0
62,200,32100,53
62,201,0,0
62,202,251,1
62,203,0,0
62,204,0,0
62,205,0,0
62,206,0,0
62,207,0,0
62,208,300,0
62,209,400,0
63,171,0,0
63,172,0,0
63,173,0,0
63,174,0,0
63,175,0,0
63,176,0,0
63,177,0,0
63,178,0,0
63,179,0,0
63,180,0,0
63,181,0,0
63,182,0,0
63,183,0,0
63,184,0,0
63,185,0,0
63,186,0,0
63,187,0,0
63,188,0,0
63,189,0,0
63,190,0,0
63,191,0,0
63,192,0,0
63,193,0,0
63,194,0,0
63,195,0,0
63,196,301,1
63,197,0,0
63,198,507,7
63,199,0,0
63,200,0,0
63,201,0,0
63,202,0,0
63,203,0,0
63,204,0,0
63,205,91,1
63,206,2500,0
63,207,600,0
63,208,0,0
63,209,0,0
64,171,0,0
64,172,0,0
64,173,0,0
64,174,0,0
64,175,0,0
64,176,0,0
64,177,0,0
64,178,0,0
64,179,0,0
64,180,0,0
64,181,0,0
64,182,0,0
64,183,0,0
64,184,0,0
64,185,0,0
64,186,0,0
64,187,0,0
64,188,0,0
64,189,0,0
64,190,0,0
64,191,0,0
64,192,0,0
64,193,0,0
64,194,100000,5
64,195,2,2
64,196,0,0
64,197,0,0
64,198,5200,0
64,199,0,0
64,200,100000,7
64,201,0,0
64,202,0,0
64,203,330000,27
64,204,0,0
64,205,0,0
64,206,451,1
64,207,1000,0
64,208,1,1
64,209,0,0
65,171,0,0
65,172,0,0
65,173,0,0
65,174,0,0
65,175,0,0
65,176,0,0
65,177,0,0
65,178,0,0
65,179,0,0
65,180,0,0
65,181,0,0
65,182,0,0
65,183,0,0
65,184,0,0
65,185,0,0
65,186,0,0
65,187,0,0
65,188,0,0
65,189,0,0
65,190,2810,7
65,191,0,0
65,192,2000000,5
65,193,0,0
65,194,0,0
65,195,0,0
65,196,700000,145
65,197,0,0
65,198,0,0
65,199,0,0
65,200,325000,52
65,201,0,0
65,202,144000,12
65,203,2200,4
65,204,0,0
65,205,0,0
65,206,0,0
65,207,0,0
65,208,333000,56
65,209,58000,0
66,171,0,0
66,172,0,0
66,173,0,0
66,174,0,0
66,175,0,0
66,176,0,0
66,177,0,0
66,178,1630,27
66,179,0,0
66,180,15,15
66,181,0,0
66,182,0,0
66,183,0,0
66,184,0,0
66,185,0,0
66,186,0,0
66,187,0,0
66,188,0,0
66,189,0,0
66,190,0,0
66,191,0,0
66,192,0,0
66,193,0,0
66,194,0,0
66,195,1010,14
66,196,0,0
66,197,0,0
66,198,9,9
66,199,903,3
66,200,0,0
66,201,6600,1
66,202,1060,11
66,203,390,0
66,204,450,0
66,205,0,0
66,206,0,0
66,207,3090,1
66,208,602,2
66,209,0,0
67,171,0,0
67,172,0,0
67,173,0,0
67,174,0,0
67,175,0,0
67,176,0,0
67,177,0,0
67,178,0,0
67,179,0,0
67,180,0,0
67,181,0,0
67,182,0,0
67,183,0,0
67,184,0,0
67,185,0,0
67,186,0,0
67,187,0,0
67,188,0,0
67,189,0,0
67,190,0,0
67,191,0,0
67,192,0,0
67,193,0,0
67,194,0,0
67,195,0,0
67,196,0,0
67,197,0,0
67,198,0,0
67,199,0,0
67,200,0,0
67,201,0,0
67,202,0,0
67,203,0,0
67,204,0,0
67,205,0,0
67,206,0,0
67,207,0,0
67,208,0,0
67,209,0,0
68,171,0,0
68,172,0,0
68,173,0,0
68,174,1010,5
68,175,0,0
68,176,0,0
68,177,0,0
68,178,0,0
68,179,0,0
68,180,0,0
68,181,0,0
68,182,0,0
68,183,20900,620
68,184,0,0
68,185,0,0
68,186,0,0
68,187,0,0
68,188,6600,84
68,189,6000,0
68,190,10,10
68,191,0,0
68,192,0,0
68,193,0,0
68,194,0,0
68,195,610,10
68,196,7470,31
68,197,0,0
68,198,0,0
68,199,0,0
68,200,6040,12
68,201,3020,36
68,202,0,0
68,203,98700,0
68,204,0,0
68,205,0,0
68,206,0,0
68,207,0,0
68,208,2110,11
68,209,180000,21
69,171,0,0
69,172,0,0
69,173,0,0
69,174,0,0
69,175,0,0
69,176,0,0
69,177,0,0
69,178,0,0
69,179,0,0
69,180,0,0
69,181,0,0
69,182,5000,0
69,183,0,0
69,184,0,0
69,185,0,0
69,186,0,0
69,187,0,0
69,188,0,0
69,189,0,0
69,190,0,0
69,191,0,0
69,192,0,0
69,193,0,0
69,194,6070,0
69,195,0,0
69,196,0,0
69,197,0,0
69,198,0,0
69,199,0,0
69,200,0,0
69,201,0,0
69,202,220000,9
69,203,0,0
69,204,0,0
69,205,0,0
69,206,0,0
69,207,1200,0
69,208,20700,0
69,209,4200,0
70,171,0,0
70,172,0,0
70,173,0,0
70,174,0,0
70,175,0,0
70,176,0,0
70,177,0,0
70,178,0,0
70,179,0,0
70,180,0,0
70,181,0,0
70,182,0,0
70,183,0,0
70,184,0,0
70,185,0,0
70,186,0,0
70,187,0,0
70,188,0,0
70,189,0,0
70,190,0,0
70,191,0,0
70,192,0,0
70,193,0,0
70,194,0,0
70,195,0,0
70,196,0,0
70,197,0,0
70,198,0,0
70,199,0,0
70,200,0,0
70,201,0,0
70,202,0,0
70,203,0,0
70,204,0,0
70,205,1000,3
70,206,0,0
70,207,0,0
70,208,0,0
70,209,750,0
71,171,0,0
71,172,21000,0
71,173,0,0
71,174,0,0
71,175,0,0
71,176,0,0
71,177,0,0
71,178,0,0
71,179,0,0
71,180,0,0
71,181,0,0
71,182,0,0
71,183,0,0
71,184,0,0
71,185,0,0
71,186,0,0
71,187,0,0
71,188,0,0
71,189,0,0
71,190,0,0
71,191,0,0
71,192,0,0
71,193,0,0
71,194,0,0
71,195,0,0
71,196,0,0
71,197,38000,0
71,198,0,0
71,199,0,0
71,200,0,0
71,201,0,0
71,202,0,0
71,203,0,0
71,204,0,0
71,205,0,0
71,206,275000,34
71,207,35000,0
71,208,0,0
71,209,100000,0
72,171,0,0
72,172,0,0
72,173,40100,78
72,174,0,0
72,175,0,0
72,176,0,0
72,177,0,0
72,178,0,0
72,179,0,0
72,180,0,0
72,181,0,0
72,182,0,0
72,183,0,0
72,184,0,0
72,185,0,0
72,186,0,0
72,187,144000,148
72,188,8940,33
72,189,3930,27
72,190,24900,0
72,191,0,0
72,192,0,0
72,193,0,0
72,194,5010,13
72,195,0,0
72,196,0,0
72,197,58,18
72,198,0,0
72,199,0,0
72,200,63,13
72,201,1220,16
72,202,5110,26
72,203,38400,31
72,204,163000,62
72,205,34000,2670
72,206,14100,17
72,207,24700,11
72,208,105000,61
72,209,0,0
74,171,0,0
74,172,0,0
74,173,0,0
74,174,0,0
74,175,0,0
74,176,0,0
74,177,15000,20
74,178,0,0
74,179,0,0
74,180,40000,1
74,181,0,0
74,182,0,0
74,183,0,0
74,184,0,0
74,185,0,0
74,186,0,0
74,187,30000,0
74,188,0,0
74,189,16100,19
74,190,0,0
74,191,48000,5
74,192,0,0
74,193,0,0
74,194,82900,413
74,195,15700,151
74,196,25000,14
74,197,75000,7
74,198,0,0
74,199,0,0
74,200,503000,34
74,201,0,0
74,202,0,0
74,203,980,11
74,204,3120,10
74,205,0,0
74,206,808,8
74,207,1500,4
74,208,15500,6
74,209,313000,67
75,171,300,300
75,172,0,0
75,173,0,0
75,174,0,0
75,175,0,0
75,176,0,0
75,177,0,0
75,178,0,0
75,179,0,0
75,180,0,0
75,181,0,0
75,182,0,0
75,183,0,0
75,184,0,0
75,185,0,0
75,186,0,0
75,187,0,0
75,188,0,0
75,189,0,0
75,190,0,0
75,191,0,0
75,192,0,0
75,193,0,0
75,194,0,0
75,195,0,0
75,196,0,0
75,197,200,0
75,198,0,0
75,199,0,0
75,200,134000,8
75,201,2000,1
75,202,10000,0
75,203,1430,0
75,204,0,0
75,205,393,0
75,206,0,0
75,207,32000,0
75,208,0,0
75,209,0,0
76,171,0,0
76,172,0,0
76,173,0,0
76,174,0,0
76,175,0,0
76,176,0,0
76,177,0,0
76,178,0,0
76,179,0,0
76,180,0,0
76,181,0,0
76,182,0,0
76,183,0,0
76,184,0,0
76,185,0,0
76,186,0,0
76,187,0,0
76,188,0,0
76,189,280,0
76,190,0,0
76,191,0,0
76,192,0,0
76,193,0,0
76,194,0,0
76,195,0,0
76,196,0,0
76,197,0,0
76,198,0,0
76,199,0,0
76,200,0,0
76,201,0,0
76,202,0,0
76,203,0,0
76,204,0,0
76,205,0,0
76,206,0,0
76,207,0,0
76,208,0,0
76,209,0,0
77,171,10400000,1030
77,172,166000,1320
77,173,0,0
77,174,0,0
77,175,260,260
77,176,34000000,350
77,177,0,0
77,178,1050000,560
77,179,32000000,4610
77,180,28000000,253
77,181,32100000,2410
77,182,16000000,553
77,183,33500000,932
77,184,251000,785
77,185,19000000,740
77,186,11300000,1980
77,187,395000,251
77,188,18300000,1310
77,189,22300000,2100
77,190,3610,1610
77,191,2220,224
77,192,8700000,1020
77,193,3070000,832
77,194,128000000,1300
77,195,12100000,2020
77,196,32700000,1510
77,197,7270000,1290
77,198,30300000,2360
77,199,29700000,2130
77,200,27600000,554
77,201,50400000,2090
77,202,20600000,581
77,203,42000000,735
77,204,7570000,452
77,205,33200000,1350
77,206,28300000,2130
77,207,7240000,1190
77,208,38200000,2050
77,209,12400000,2440
78,171,82,82
78,172,0,0
78,173,0,0
78,174,0,0
78,175,0,0
78,176,0,0
78,177,20200,163
78,178,290000,22
78,179,282000,70
78,180,35000,164
78,181,3100,153
78,182,353000,509
78,183,39000,3
78,184,418000,20
78,185,360000,26
78,186,4340,42
78,187,127000,175
78,188,29100,201
78,189,100000,179
78,190,61500,18
78,191,21200,191
78,192,240000,112
78,193,266000,57
78,194,268000,131
78,195,329000,59
78,196,260000,140
78,197,825000,87
78,198,0,0
78,199,100000,4
78,200,16000,12
78,201,489000,273
78,202,86100,402
78,203,592000,230
78,204,439000,414
78,205,13000,5
78,206,20900,154
78,207,700000,656
78,208,571000,442
78,209,461000,88
79,171,0,0
79,172,0,0
79,173,0,0
79,174,0,0
79,175,0,0
79,176,0,0
79,177,0,0
79,178,0,0
79,179,0,0
79,180,0,0
79,181,950000,256
79,182,158,58
79,183,0,0
79,184,0,0
79,185,0,0
79,186,0,0
79,187,40300,265
79,188,865,865
79,189,150000,90
79,190,150000,0
79,191,0,0
79,192,215000,56
79,193,35100,63
79,194,500000,781
79,195,95000,39
79,196,6290,27
79,197,4050,49
79,198,1410,13
79,199,56800,157
79,200,25500,81
79,201,410,10
79,202,1210000,476
79,203,205000,61
79,204,1370,0
79,205,4090,40
79,206,4860,109
79,207,2810,14
79,208,12,12
79,209,1500,22
80,171,0,0
80,172,0,0
80,173,0,0
80,174,0,0
80,175,0,0
80,176,0,0
80,177,0,0
80,178,0,0
80,179,0,0
80,180,0,0
80,181,0,0
80,182,0,0
80,183,0,0
80,184,0,0
80,185,0,0
80,186,0,0
80,187,0,0
80,188,0,0
80,189,0,0
80,190,0,0
80,191,0,0
80,192,0,0
80,193,0,0
80,194,0,0
80,195,0,0
80,196,0,0
80,197,0,0
80,198,0,0
80,199,0,0
80,200,0,0
80,201,0,0
80,202,0,0
80,203,0,0
80,204,0,0
80,205,8000,0
80,206,0,0
80,207,59900,20
80,208,0,0
80,209,604,4
81,171,0,0
81,172,0,0
81,173,0,0
81,174,0,0
81,175,0,0
81,176,0,0
81,177,0,0
81,178,0,0
81,179,0,0
81,180,0,0
81,181,0,0
81,182,0,0
81,183,0,0
81,184,0,0
81,185,0,0
81,186,0,0
81,187,0,0
81,188,0,0
81,189,0,0
81,190,0,0
81,191,0,0
81,192,0,0
81,193,0,0
81,194,3500,3
81,195,0,0
81,196,0,0
81,197,0,0
81,198,0,0
81,199,0,0
81,200,0,0
81,201,0,0
81,202,0,0
81,203,300,0
81,204,0,0
81,205,0,0
81,206,0,0
81,207,0,0
81,208,0,0
81,209,0,0
82,171,0,0
82,172,0,0
82,173,0,0
82,174,0,0
82,175,0,0
82,176,0,0
82,177,0,0
82,178,0,0
82,179,0,0
82,180,0,0
82,181,0,0
82,182,0,0
82,183,0,0
82,184,0,0
82,185,0,0
82,186,0,0
82,187,0,0
82,188,0,0
82,189,0,0
82,190,0,0
82,191,0,0
82,192,0,0
82,193,0,0
82,194,0,0
82,195,0,0
82,196,0,0
82,197,0,0
82,198,15,15
82,199,1000,0
82,200,0,0
82,201,0,0
82,202,0,0
82,203,0,0
82,204,0,0
82,205,0,0
82,206,0,0
82,207,0,0
82,208,0,0
82,209,0,0
83,171,1300000,37
83,172,0,0
83,173,0,0
83,174,0,0
83,175,0,0
83,176,0,0
83,177,0,0
83,178,1020,23
83,179,0,0
83,180,0,0
83,181,0,0
83,182,0,0
83,183,0,0
83,184,0,0
83,185,0,0
83,186,0,0
83,187,2,2
83,188,0,0
83,189,0,0
83,190,0,0
83,191,0,0
83,192,0,0
83,193,1000,2
83,194,0,0
83,195,17400,68
83,196,0,0
83,197,517,17
83,198,0,0
83,199,0,0
83,200,0,0
83,201,46100,46
83,202,2,2
83,203,10000,2
83,204,1350,3
83,205,202,2
83,206,0,0
83,207,0,0
83,208,0,0
83,209,309,9
84,171,0,0
84,172,0,0
84,173,0,0
84,174,0,0
84,175,0,0
84,176,0,0
84,177,0,0
84,178,0,0
84,179,0,0
84,180,250000,44
84,181,0,0
84,182,0,0
84,183,0,0
84,184,0,0
84,185,0,0
84,186,0,0
84,187,40100,54
84,188,26000,9
84,189,0,0
84,190,0,0
84,191,0,0
84,192,551000,15
84,193,0,0
84,194,4380,9
84,195,0,0
84,196,0,0
84,197,0,0
84,198,0,0
84,199,0,0
84,200,0,0
84,201,0,0
84,202,0,0
84,203,25000,9
84,204,0,0
84,205,0,0
84,206,0,0
84,207,5000,1
84,208,0,0
84,209,0,0
85,171,0,0
85,172,0,0
85,173,458,458
85,174,0,0
85,175,0,0
85,176,0,0
85,177,0,0
85,178,5,5
85,179,15000,8
85,180,28100,23
85,181,20,20
85,182,0,0
85,183,27700,345
85,184,0,0
85,185,0,0
85,186,0,0
85,187,162000,14
85,188,0,0
85,189,27,27
85,190,10,10
85,191,615,27
85,192,0,0
85,193,0,0
85,194,4800,0
85,195,0,0
85,196,12000,0
85,197,0,0
85,198,0,0
85,199,24100,16
85,200,24200,60
85,201,360000,18
85,202,139,1
85,203,0,0
85,204,837,23
85,205,28100,22
85,206,900,0
85,207,10600,42
85,208,10000,2
85,209,50000,5
86,171,0,0
86,172,0,0
86,173,0,0
86,174,0,0
86,175,0,0
86,176,0,0
86,177,0,0
86,178,0,0
86,179,0,0
86,180,0,0
86,181,0,0
86,182,0,0
86,183,0,0
86,184,0,0
86,185,0,0
86,186,0,0
86,187,0,0
86,188,38,9
86,189,0,0
86,190,0,0
86,191,0,0
86,192,18000,8
86,193,0,0
86,194,0,0
86,195,0,0
86,196,0,0
86,197,0,0
86,198,2,2
86,199,0,0
86,200,0,0
86,201,0,0
86,202,0,0
86,203,0,0
86,204,0,0
86,205,0,0
86,206,0,0
86,207,0,0
86,208,0,0
86,209,0,0
87,171,0,0
87,172,0,0
87,173,0,0
87,174,0,0
87,175,0,0
87,176,0,0
87,177,0,0
87,178,0,0
87,179,0,0
87,180,0,0
87,181,0,0
87,182,0,0
87,183,0,0
87,184,0,0
87,185,0,0
87,186,0,0
87,187,0,0
87,188,0,0
87,189,0,0
87,190,0,0
87,191,0,0
87,192,0,0
87,193,0,0
87,194,30000,10
87,195,0,0
87,196,0,0
87,197,0,0
87,198,0,0
87,199,0,0
87,200,0,0
87,201,2500,0
87,202,3670,0
87,203,0,0
87,204,0,0
87,205,0,0
87,206,25000,0
87,207,0,0
87,208,0,0
87,209,13000,1
88,171,0,0
88,172,0,0
88,173,0,0
88,174,0,0
88,175,0,0
88,176,16000,0
88,177,0,0
88,178,20100,100
88,179,0,0
88,180,0,0
88,181,0,0
88,182,0,0
88,183,3080,75
88,184,0,0
88,185,0,0
88,186,0,0
88,187,0,0
88,188,0,0
88,189,0,0
88,190,0,0
88,191,44,44
88,192,0,0
88,193,0,0
88,194,0,0
88,195,0,0
88,196,0,0
88,197,1000,0
88,198,900000,86
88,199,240,40
88,200,0,0
88,201,0,0
88,202,4,4
88,203,175000,85
88,204,60300,40
88,205,12100,54
88,206,36200,26
88,207,784000,212
88,208,42700,19
88,209,62500,55
89,171,0,0
89,172,0,0
89,173,0,0
89,174,0,0
89,175,0,0
89,176,0,0
89,177,0,0
89,178,0,0
89,179,0,0
89,180,0,0
89,181,0,0
89,182,0,0
89,183,0,0
89,184,0,0
89,185,0,0
89,186,0,0
89,187,0,0
89,188,0,0
89,189,0,0
89,190,0,0
89,191,0,0
89,192,0,0
89,193,0,0
89,194,0,0
89,195,0,0
89,196,0,0
89,197,0,0
89,198,0,0
89,199,0,0
89,200,0,0
89,201,0,0
89,202,0,0
89,203,0,0
89,204,0,0
89,205,0,0
89,206,0,0
89,207,0,0
89,208,0,0
89,209,85,0
90,171,0,0
90,172,0,0
90,173,0,0
90,174,0,0
90,175,0,0
90,176,0,0
90,177,0,0
90,178,0,0
90,179,0,0
90,180,0,0
90,181,0,0
90,182,0,0
90,183,0,0
90,184,0,0
90,185,0,0
90,186,0,0
90,187,0,0
90,188,0,0
90,189,0,0
90,190,0,0
90,191,0,0
90,192,0,0
90,193,0,0
90,194,0,0
90,195,0,0
90,196,0,0
90,197,0,0
90,198,202,2
90,199,0,0
90,200,0,0
90,201,0,0
90,202,0,0
90,203,0,0
90,204,0,0
90,205,0,0
90,206,0,0
90,207,0,0
90,208,0,0
90,209,0,0
91,171,0,0
91,172,0,0
91,173,0,0
91,174,0,0
91,175,0,0
91,176,0,0
91,177,0,0
91,178,0,0
91,179,0,0
91,180,0,0
91,181,0,0
91,182,0,0
91,183,0,0
91,184,0,0
91,185,0,0
91,186,0,0
91,187,0,0
91,188,0,0
91,189,0,0
91,190,0,0
91,191,0,0
91,192,0,0
91,193,0,0
91,194,0,0
91,195,0,0
91,196,0,0
91,197,0,0
91,198,0,0
91,199,7730,1
91,200,0,0
91,201,0,0
91,202,0,0
91,203,0,0
91,204,0,0
91,205,0,0
91,206,2050,3
91,207,0,0
91,208,845,0
91,209,0,0
92,171,0,0
92,172,115000,14
92,173,0,0
92,174,0,0
92,175,0,0
92,176,0,0
92,177,0,0
92,178,0,0
92,179,459000,31
92,180,0,0
92,181,0,0
92,182,0,0
92,183,0,0
92,184,0,0
92,185,2010,14
92,186,0,0
92,187,0,0
92,188,0,0
92,189,0,0
92,190,0,0
92,191,0,0
92,192,332000,0
92,193,160,10
92,194,0,0
92,195,190000,0
92,196,591000,0
92,197,420000,30
92,198,0,0
92,199,0,0
92,200,0,0
92,201,450000,15
92,202,453000,0
92,203,150000,2
92,204,0,0
92,205,0,0
92,206,0,0
92,207,0,0
92,208,0,0
92,209,204000,6
94,171,0,0
94,172,0,0
94,173,0,0
94,174,0,0
94,175,0,0
94,176,0,0
94,177,0,0
94,178,0,0
94,179,0,0
94,180,0,0
94,181,0,0
94,182,0,0
94,183,0,0
94,184,0,0
94,185,0,0
94,186,0,0
94,187,0,0
94,188,1500,0
94,189,0,0
94,190,0,0
94,191,0,0
94,192,0,0
94,193,0,0
94,194,0,0
94,195,0,0
94,196,0,0
94,197,0,0
94,198,0,0
94,199,0,0
94,200,0,0
94,201,0,0
94,202,0,0
94,203,0,0
94,204,17000,0
94,205,0,0
94,206,0,0
94,207,0,0
94,208,0,0
94,209,0,0
95,171,0,0
95,172,0,0
95,173,0,0
95,174,0,0
95,175,0,0
95,176,0,0
95,177,0,0
95,178,0,0
95,179,0,0
95,180,0,0
95,181,0,0
95,182,0,0
95,183,0,0
95,184,0,0
95,185,0,0
95,186,80000,0
95,187,0,0
95,188,100000,18
95,189,0,0
95,190,0,0
95,191,22,22
95,192,0,0
95,193,0,0
95,194,0,0
95,195,0,0
95,196,0,0
95,197,0,0
95,198,0,0
95,199,0,0
95,200,0,0
95,201,0,0
95,202,0,0
95,203,0,0
95,204,0,0
95,205,0,0
95,206,0,0
95,207,0,0
95,208,0,0
95,209,0,0
96,171,0,0
96,172,0,0
96,173,0,0
96,174,0,0
96,175,0,0
96,176,0,0
96,177,0,0
96,178,0,0
96,179,0,0
96,180,0,0
96,181,0,0
96,182,0,0
96,183,0,0
96,184,0,0
96,185,0,0
96,186,0,0
96,187,0,0
96,188,0,0
96,189,0,0
96,190,0,0
96,191,0,0
96,192,0,0
96,193,0,0
96,194,0,0
96,195,0,0
96,196,0,0
96,197,0,0
96,198,0,0
96,199,5010,10
96,200,0,0
96,201,0,0
96,202,0,0
96,203,0,0
96,204,0,0
96,205,0,0
96,206,0,0
96,207,0,0
96,208,17000,1
96,209,340,0
97,171,0,0
97,172,0,0
97,173,0,0
97,174,0,0
97,175,0,0
97,176,0,0
97,177,0,0
97,178,0,0
97,179,0,0
97,180,0,0
97,181,0,0
97,182,0,0
97,183,0,0
97,184,0,0
97,185,0,0
97,186,0,0
97,187,0,0
97,188,0,0
97,189,0,0
97,190,0,0
97,191,0,0
97,192,0,0
97,193,0,0
97,194,0,0
97,195,0,0
97,196,0,0
97,197,0,0
97,198,0,0
97,199,0,0
97,200,0,0
97,201,0,0
97,202,0,0
97,203,0,0
97,204,0,0
97,205,0,0
97,206,0,0
97,207,0,0
97,208,0,0
97,209,0,0
99,171,0,0
99,172,0,0
99,173,0,0
99,174,0,0
99,175,0,0
99,176,0,0
99,177,0,0
99,178,0,0
99,179,0,0
99,180,0,0
99,181,0,0
99,182,0,0
99,183,0,0
99,184,0,0
99,185,0,0
99,186,0,0
99,187,0,0
99,188,0,0
99,189,0,0
99,190,0,0
99,191,0,0
99,192,0,0
99,193,0,0
99,194,0,0
99,195,0,0
99,196,0,0
99,197,0,0
99,198,0,0
99,199,0,0
99,200,0,0
99,201,0,0
99,202,0,0
99,203,0,0
99,204,0,0
99,205,0,0
99,206,0,0
99,207,0,0
99,208,0,0
99,209,0,0
100,171,0,0
100,172,0,0
100,173,0,0
100,174,0,0
100,175,0,0
100,176,0,0
100,177,0,0
100,178,0,0
100,179,0,0
100,180,0,0
100,181,0,0
100,182,0,0
100,183,0,0
100,184,0,0
100,185,0,0
100,186,0,0
100,187,0,0
100,188,0,0
100,189,0,0
100,190,0,0
100,191,0,0
100,192,0,0
100,193,0,0
100,194,0,0
100,195,0,0
100,196,0,0
100,197,0,0
100,198,0,0
100,199,0,0
100,200,0,0
100,201,0,0
100,202,0,0
100,203,0,0
100,204,0,0
100,205,0,0
100,206,0,0
100,207,0,0
100,208,0,0
100,209,0,0
101,171,0,0
101,172,0,0
101,173,0,0
101,174,0,0
101,175,0,0
101,176,0,0
101,177,0,0
101,178,0,0
101,179,0,0
101,180,0,0
101,181,0,0
101,182,0,0
101,183,0,0
101,184,0,0
101,185,0,0
101,186,0,0
101,187,0,0
101,188,0,0
101,189,0,0
101,190,0,0
101,191,0,0
101,192,0,0
101,193,0,0
101,194,0,0
101,195,0,0
101,196,1500,0
101,197,0,0
101,198,0,0
101,199,0,0
101,200,0,0
101,201,0,0
101,202,0,0
101,203,1650,0
101,204,4750,2
101,205,100000,0
101,206,2000,0
101,207,1500,0
101,208,0,0
101,209,0,0
102,171,0,0
102,172,0,0
102,173,0,0
102,174,0,0
102,175,0,0
102,176,0,0
102,177,0,0
102,178,0,0
102,179,0,0
102,180,0,0
102,181,0,0
102,182,0,0
102,183,0,0
102,184,0,0
102,185,0,0
102,186,0,0
102,187,28200,0
102,188,0,0
102,189,0,0
102,190,0,0
102,191,0,0
102,192,0,0
102,193,0,0
102,194,0,0
102,195,0,0
102,196,0,0
102,197,0,0
102,198,0,0
102,199,20000,0
102,200,0,0
102,201,0,0
102,202,0,0
102,203,0,0
102,204,23400,16
102,205,0,0
102,206,59700,29
102,207,0,0
102,208,33000,7
102,209,0,0
103,171,0,0
103,172,0,0
103,173,0,0
103,174,0,0
103,175,0,0
103,176,0,0
103,177,0,0
103,178,0,0
103,179,0,0
103,180,20000,0
103,181,0,0
103,182,0,0
103,183,6000,0
103,184,0,0
103,185,0,0
103,186,0,0
103,187,0,0
103,188,0,0
103,189,0,0
103,190,100000,13
103,191,0,0
103,192,151000,472
103,193,0,0
103,194,0,0
103,195,0,0
103,196,1300,1
103,197,0,0
103,198,400000,0
103,199,15000,4
103,200,2000,0
103,201,20000,0
103,202,509000,59
103,203,396000,9
103,204,19500,12
103,205,0,0
103,206,44500,1
103,207,16000,8
103,208,202000,2
103,209,0,0
104,171,243000,61
104,172,0,0
104,173,0,0
104,174,0,0
104,175,0,0
104,176,0,0
104,177,0,0
104,178,0,0
104,179,3000,0
104,180,0,0
104,181,0,0
104,182,0,0
104,183,0,0
104,184,15000,10
104,185,0,0
104,186,0,0
104,187,25000,11
104,188,2580,3
104,189,60000,27
104,190,0,0
104,191,0,0
104,192,0,0
104,193,0,0
104,194,25000,30
104,195,0,0
104,196,0,0
104,197,418,0
104,198,0,0
104,199,2500,0
104,200,2000,1
104,201,8010,12
104,202,33200,11
104,203,0,0
104,204,18800,8
104,205,31100,16
104,206,30600,13
104,207,107000,6
104,208,167000,46
104,209,2000,0
105,171,0,0
105,172,0,0
105,173,0,0
105,174,0,0
105,175,0,0
105,176,0,0
105,177,0,0
105,178,0,0
105,179,0,0
105,180,0,0
105,181,0,0
105,182,0,0
105,183,0,0
105,184,0,0
105,185,0,0
105,186,0,0
105,187,0,0
105,188,300,0
105,189,0,0
105,190,0,0
105,191,0,0
105,192,0,0
105,193,0,0
105,194,0,0
105,195,0,0
105,196,0,0
105,197,0,0
105,198,0,0
105,199,0,0
105,200,0,0
105,201,0,0
105,202,0,0
105,203,0,0
105,204,0,0
105,205,0,0
105,206,0,0
105,207,0,0
105,208,1650,0
105,209,0,0
106,171,0,0
106,172,0,0
106,173,0,0
106,174,0,0
106,175,0,0
106,176,0,0
106,177,0,0
106,178,0,0
106,179,0,0
106,180,0,0
106,181,0,0
106,182,0,0
106,183,0,0
106,184,0,0
106,185,0,0
106,186,0,0
106,187,0,0
106,188,0,0
106,189,10000,17
106,190,14600,1
106,191,0,0
106,192,0,0
106,193,0,0
106,194,0,0
106,195,0,0
106,196,0,0
106,197,0,0
106,198,0,0
106,199,6440,3
106,200,2200,2
106,201,15,15
106,202,3500,2
106,203,22500,2
106,204,10000,0
106,205,0,0
106,206,1860,0
106,207,1000,1
106,208,88900,18
106,209,2500,0
108,171,0,0
108,172,0,0
108,173,0,0
108,174,0,0
108,175,0,0
108,176,0,0
108,177,0,0
108,178,0,0
108,179,0,0
108,180,0,0
108,181,0,0
108,182,0,0
108,183,0,0
108,184,0,0
108,185,0,0
108,186,0,0
108,187,0,0
108,188,0,0
108,189,0,0
108,190,0,0
108,191,0,0
108,192,0,0
108,193,0,0
108,194,0,0
108,195,0,0
108,196,0,0
108,197,0,0
108,198,0,0
108,199,0,0
108,200,0,0
108,201,0,0
108,202,0,0
108,203,0,0
108,204,0,0
108,205,0,0
108,206,0,0
108,207,0,0
108,208,0,0
108,209,600,0
109,171,0,0
109,172,0,0
109,173,0,0
109,174,0,0
109,175,0,0
109,176,0,0
109,177,0,0
109,178,0,0
109,179,0,0
109,180,0,0
109,181,0,0
109,182,0,0
109,183,0,0
109,184,0,0
109,185,3000,0
109,186,6900,0
109,187,0,0
109,188,0,0
109,189,0,0
109,190,0,0
109,191,0,0
109,192,0,0
109,193,0,0
109,194,0,0
109,195,0,0
109,196,600,0
109,197,0,0
109,198,0,0
109,199,0,0
109,200,23800,0
109,201,0,0
109,202,3000,0
109,203,27500,25
109,204,21000,9
109,205,0,0
109,206,7500,0
109,207,10600,7
109,208,54100,3
109,209,0,0
111,171,35,35
111,172,0,0
111,173,100000,37
111,174,150000,130
111,175,0,0
111,176,0,0
111,177,0,0
111,178,0,0
111,179,7010,6
111,180,60000,0
111,181,100000,104
111,182,0,0
111,183,5230,25
111,184,0,0
111,185,20000,0
111,186,0,0
111,187,20,20
111,188,228,16
111,189,0,0
111,190,40,40
111,191,17900,45
111,192,44000,23
111,193,0,0
111,194,261000,65
111,195,0,0
111,196,0,0
111,197,9000,0
111,198,0,0
111,199,30400,432
111,200,619000,654
111,201,2140,139
111,202,21,21
111,203,7040,37
111,204,53900,6
111,205,4130,38
111,206,14000,41
111,207,0,0
111,208,1660000,22
111,209,20000,12
112,171,0,0
112,172,0,0
112,173,0,0
112,174,0,0
112,175,0,0
112,176,0,0
112,177,0,0
112,178,0,0
112,179,0,0
112,180,0,0
112,181,0,0
112,182,0,0
112,183,0,0
112,184,0,0
112,185,0,0
112,186,0,0
112,187,0,0
112,188,0,0
112,189,0,0
112,190,0,0
112,191,0,0
112,192,0,0
112,193,0,0
112,194,0,0
112,195,0,0
112,196,0,0
112,197,0,0
112,198,0,0
112,199,0,0
112,200,0,0
112,201,0,0
112,202,0,0
112,203,0,0
112,204,0,0
112,205,0,0
112,206,0,0
112,207,0,0
112,208,0,0
112,209,0,0
113,171,0,0
113,172,0,0
113,173,0,0
113,174,0,0
113,175,0,0
113,176,0,0
113,177,0,0
113,178,0,0
113,179,0,0
113,180,0,0
113,181,0,0
113,182,0,0
113,183,0,0
113,184,0,0
113,185,0,0
113,186,0,0
113,187,0,0
113,188,0,0
113,189,0,0
113,190,0,0
113,191,0,0
113,192,0,0
113,193,0,0
113,194,0,0
113,195,25100,47
113,196,0,0
113,197,0,0
113,198,2250,9
113,199,0,0
113,200,1710,0
113,201,0,0
113,202,0,0
113,203,501,1
113,204,0,0
113,205,0,0
113,206,6500,0
113,207,0,0
113,208,0,0
113,209,4000,3
115,171,0,0
115,172,0,0
115,173,0,0
115,174,0,0
115,175,0,0
115,176,0,0
115,177,0,0
115,178,0,0
115,179,0,0
115,180,0,0
115,181,0,0
115,182,0,0
115,183,0,0
115,184,0,0
115,185,0,0
115,186,0,0
115,187,0,0
115,188,0,0
115,189,0,0
115,190,0,0
115,191,0,0
115,192,0,0
115,193,0,0
115,194,0,0
115,195,5,5
115,196,0,0
115,197,41,41
115,198,0,0
115,199,0,0
115,200,0,0
115,201,0,0
115,202,4000,0
115,203,0,0
115,204,1670,15
115,205,0,0
115,206,0,0
115,207,0,0
115,208,0,0
115,209,0,0
116,171,0,0
116,172,0,0
116,173,0,0
116,174,0,0
116,175,0,0
116,176,0,0
116,177,0,0
116,178,0,0
116,179,0,0
116,180,0,0
116,181,0,0
116,182,0,0
116,183,0,0
116,184,0,0
116,185,0,0
116,186,0,0
116,187,0,0
116,188,0,0
116,189,0,0
116,190,0,0
116,191,0,0
116,192,0,0
116,193,0,0
116,194,0,0
116,195,0,0
116,196,0,0
116,197,0,0
116,198,0,0
116,199,0,0
116,200,0,0
116,201,0,0
116,202,0,0
116,203,0,0
116,204,0,0
116,205,0,0
116,206,0,0
116,207,0,0
116,208,1090,0
116,209,0,0
117,171,267000,11
117,172,0,0
117,173,0,0
117,174,0,0
117,175,0,0
117,176,12000,10
117,177,0,0
117,178,38000,0
117,179,0,0
117,180,6310,16
117,181,0,0
117,182,0,0
117,183,0,0
117,184,0,0
117,185,0,0
117,186,0,0
117,187,0,0
117,188,0,0
117,189,0,0
117,190,0,0
117,191,0,0
117,192,0,0
117,193,0,0
117,194,0,0
117,195,0,0
117,196,38800,791
117,197,60000,25
117,198,60,60
117,199,0,0
117,200,0,0
117,201,956,6
117,202,315,15
117,203,15100,80
117,204,10000,35
117,205,0,0
117,206,0,0
117,207,2120,17
117,208,0,0
117,209,20000,39
118,171,0,0
118,172,501000,500
118,173,0,0
118,174,0,0
118,175,0,0
118,176,75000,1
118,177,0,0
118,178,440000,300
118,179,200000,40
118,180,0,0
118,181,0,0
118,182,500000,0
118,183,0,0
118,184,0,0
118,185,0,0
118,186,500000,8
118,187,0,0
118,188,0,0
118,189,0,0
118,190,2,2
118,191,0,0
118,192,0,0
118,193,0,0
118,194,0,0
118,195,0,0
118,196,0,0
118,197,0,0
118,198,400000,35
118,199,0,0
118,200,70000,23
118,201,4500000,800
118,202,749000,79
118,203,500,0
118,204,515000,38
118,205,0,0
118,206,47900,16
118,207,0,0
118,208,402000,54
118,209,0,0
119,171,90,90
119,172,0,0
119,173,0,0
119,174,0,0
119,175,1400000,0
119,176,0,0
119,177,200000,0
119,178,3000,3
119,179,0,0
119,180,10000,0
119,181,0,0
119,182,0,0
119,183,0,0
119,184,0,0
119,185,0,0
119,186,0,0
119,187,0,0
119,188,0,0
119,189,0,0
119,190,0,0
119,191,0,0
119,192,360000,23
119,193,4630,5
119,194,0,0
119,195,0,0
119,196,32000,51
119,197,0,0
119,198,138000,68
119,199,0,0
119,200,50000,22
119,201,0,0
119,202,3800,51
119,203,50000,21
119,204,0,0
119,205,0,0
119,206,0,0
119,207,10000,25
119,208,167000,5
119,209,0,0
120,171,0,0
120,172,0,0
120,173,0,0
120,174,0,0
120,175,0,0
120,176,0,0
120,177,0,0
120,178,0,0
120,179,0,0
120,180,0,0
120,181,0,0
120,182,0,0
120,183,0,0
120,184,0,0
120,185,0,0
120,186,0,0
120,187,0,0
120,188,0,0
120,189,0,0
120,190,0,0
120,191,0,0
120,192,0,0
120,193,0,0
120,194,0,0
120,195,0,0
120,196,0,0
120,197,0,0
120,198,0,0
120,199,0,0
120,200,0,0
120,201,5000,0
120,202,0,0
120,203,0,0
120,204,12000,2
120,205,25000,0
120,206,0,0
120,207,2310,5
120,208,15000,7
120,209,30000,18
122,171,20400,350
122,172,0,0
122,173,0,0
122,174,0,0
122,175,0,0
122,176,0,0
122,177,0,0
122,178,0,0
122,179,27900,130
122,180,0,0
122,181,0,0
122,182,10800,750
122,183,92,92
122,184,200000,186
122,185,200,200
122,186,62600,46
122,187,22,22
122,188,351000,188
122,189,27,27
122,190,0,0
122,191,2530,30
122,192,533,51
122,193,0,0
122,194,554000,1050
122,195,0,0
122,196,13100,140
122,197,153000,788
122,198,0,0
122,199,70300,310
122,200,18200,170
122,201,50200,144
122,202,0,0
122,203,0,0
122,204,59500,239
122,205,800000,185
122,206,31700,51
122,207,0,0
122,208,641000,214
122,209,250000,115
123,171,0,0
123,172,0,0
123,173,0,0
123,174,0,0
123,175,0,0
123,176,0,0
123,177,0,0
123,178,0,0
123,179,0,0
123,180,0,0
123,181,0,0
123,182,0,0
123,183,0,0
123,184,0,0
123,185,0,0
123,186,0,0
123,187,0,0
123,188,0,0
123,189,0,0
123,190,0,0
123,191,0,0
123,192,0,0
123,193,0,0
123,194,13000,1
123,195,0,0
123,196,0,0
123,197,0,0
123,198,0,0
123,199,2000,0
123,200,0,0
123,201,0,0
123,202,0,0
123,203,0,0
123,204,0,0
123,205,0,0
123,206,0,0
123,207,0,0
123,208,0,0
123,209,0,0
124,171,0,0
124,172,0,0
124,173,0,0
124,174,0,0
124,175,0,0
124,176,0,0
124,177,129,0
124,178,120,0
124,179,2730,0
124,180,0,0
124,181,2900,0
124,182,2250,0
124,183,0,0
124,184,140,0
124,185,6810,0
124,186,274,4
124,187,1830,1
124,188,700,0
124,189,1960,1
124,190,154,0
124,191,0,0
124,192,248,0
124,193,0,0
124,194,0,0
124,195,157,0
124,196,0,0
124,197,0,0
124,198,200,0
124,199,200,0
124,200,350,0
124,201,0,0
124,202,0,0
124,203,300,0
124,204,0,0
124,205,5350,4
124,206,400,0
124,207,1200,0
124,208,0,0
124,209,0,0
125,171,0,0
125,172,0,0
125,173,0,0
125,174,0,0
125,175,0,0
125,176,0,0
125,177,8020,16
125,178,0,0
125,179,0,0
125,180,30000,0
125,181,40000,0
125,182,0,0
125,183,0,0
125,184,0,0
125,185,0,0
125,186,0,0
125,187,0,0
125,188,0,0
125,189,0,0
125,190,0,0
125,191,106000,4
125,192,0,0
125,193,0,0
125,194,0,0
125,195,0,0
125,196,0,0
125,197,0,0
125,198,0,0
125,199,0,0
125,200,107000,11
125,201,5500,0
125,202,0,0
125,203,13600,0
125,204,0,0
125,205,0,0
125,206,0,0
125,207,0,0
125,208,24000,10
125,209,14200,17
126,171,0,0
126,172,0,0
126,173,0,0
126,174,0,0
126,175,16000,0
126,176,0,0
126,177,0,0
126,178,0,0
126,179,0,0
126,180,0,0
126,181,0,0
126,182,0,0
126,183,0,0
126,184,0,0
126,185,0,0
126,186,0,0
126,187,0,0
126,188,0,0
126,189,80000,20
126,190,0,0
126,191,0,0
126,192,0,0
126,193,0,0
126,194,0,0
126,195,62100,60
126,196,0,0
126,197,0,0
126,198,0,0
126,199,20000,0
126,200,24400,14
126,201,4160,2
126,202,20000,4
126,203,0,0
126,204,30000,7
126,205,0,0
126,206,0,0
126,207,46500,4
126,208,57300,7
126,209,33000,5
127,171,0,0
127,172,0,0
127,173,0,0
127,174,0,0
127,175,0,0
127,176,0,0
127,177,0,0
127,178,0,0
127,179,0,0
127,180,0,0
127,181,0,0
127,182,0,0
127,183,0,0
127,184,0,0
127,185,0,0
127,186,6000,0
127,187,0,0
127,188,0,0
127,189,300000,130
127,190,0,0
127,191,0,0
127,192,0,0
127,193,0,0
127,194,0,0
127,195,580000,30
127,196,0,0
127,197,0,0
127,198,0,0
127,199,107000,15
127,200,117000,89
127,201,5500,4
127,202,90100,200
127,203,200,0
127,204,210000,16
127,205,30000,94
127,206,4060,60
127,207,13000,40
127,208,55100,91
127,209,0,0
128,171,0,0
128,172,0,0
128,173,0,0
128,174,0,0
128,175,0,0
128,176,0,0
128,177,0,0
128,178,0,0
128,179,0,0
128,180,0,0
128,181,0,0
128,182,0,0
128,183,0,0
128,184,0,0
128,185,0,0
128,186,0,0
128,187,0,0
128,188,20400,315
128,189,0,0
128,190,0,0
128,191,0,0
128,192,0,0
128,193,0,0
128,194,0,0
128,195,0,0
128,196,6200000,68
128,197,3270000,116
128,198,29000,0
128,199,10200,50
128,200,42200,42
128,201,0,0
128,202,188000,124
128,203,58400,0
128,204,0,0
128,205,200000,24
128,206,16500,193
128,207,92100,278
128,208,1170000,610
128,209,0,0
129,171,0,0
129,172,0,0
129,173,0,0
129,174,0,0
129,175,0,0
129,176,0,0
129,177,0,0
129,178,0,0
129,179,0,0
129,180,0,0
129,181,0,0
129,182,0,0
129,183,0,0
129,184,0,0
129,185,0,0
129,186,0,0
129,187,0,0
129,188,0,0
129,189,0,0
129,190,0,0
129,191,0,0
129,192,0,0
129,193,0,0
129,194,0,0
129,195,0,0
129,196,4000,1
129,197,0,0
129,198,0,0
129,199,0,0
129,200,0,0
129,201,600,0
129,202,1500,0
129,203,0,0
129,204,0,0
129,205,0,0
129,206,0,0
129,207,0,0
129,208,0,0
129,209,0,0
131,171,0,0
131,172,0,0
131,173,0,0
131,174,4800000,474
131,175,0,0
131,176,0,0
131,177,5570000,338
131,178,1020000,848
131,179,2250000,393
131,180,3210,13
131,181,86300,75
131,182,82,82
131,183,10100,68
131,184,64300,39
131,185,2040,39
131,186,0,0
131,187,0,0
131,188,0,0
131,189,1000000,196
131,190,142000,20
131,191,0,0
131,192,24,24
131,193,12800000,1450
131,194,261000,15
131,195,840000,316
131,196,1260000,1060
131,197,1300000,111
131,198,852000,171
131,199,201000,1000
131,200,1080,34
131,201,0,0
131,202,400000,210
131,203,4050,37
131,204,1270000,266
131,205,5,5
131,206,7530000,636
131,207,8530,400
131,208,3230,526
131,209,291000,82
133,171,0,0
133,172,0,0
133,173,0,0
133,174,0,0
133,175,0,0
133,176,0,0
133,177,0,0
133,178,0,0
133,179,0,0
133,180,0,0
133,181,0,0
133,182,0,0
133,183,0,0
133,184,0,0
133,185,0,0
133,186,0,0
133,187,0,0
133,188,0,0
133,189,0,0
133,190,0,0
133,191,0,0
133,192,0,0
133,193,0,0
133,194,0,0
133,195,0,0
133,196,0,0
133,197,0,0
133,198,0,0
133,199,0,0
133,200,0,0
133,201,0,0
133,202,0,0
133,203,0,0
133,204,0,0
133,205,0,0
133,206,0,0
133,207,0,0
133,208,0,0
133,209,0,0
134,171,44400,48
134,172,0,0
134,173,300,0
134,174,4010,7
134,175,0,0
134,176,0,0
134,177,0,0
134,178,0,0
134,179,2020,19
134,180,0,0
134,181,0,0
134,182,0,0
134,183,0,0
134,184,0,0
134,185,1000,1
134,186,0,0
134,187,6000,2
134,188,0,0
134,189,0,0
134,190,0,0
134,191,0,0
134,192,20100,12
134,193,0,0
134,194,0,0
134,195,0,0
134,196,501,1
134,197,0,0
134,198,0,0
134,199,0,0
134,200,896,1
134,201,1000,1
134,202,775,0
134,203,26500,5
134,204,1000,0
134,205,22800,16
134,206,7000,3
134,207,6440,11
134,208,131,2
134,209,23900,28
135,171,0,0
135,172,0,0
135,173,0,0
135,174,0,0
135,175,0,0
135,176,0,0
135,177,0,0
135,178,0,0
135,179,0,0
135,180,0,0
135,181,0,0
135,182,0,0
135,183,0,0
135,184,13100,56
135,185,0,0
135,186,0,0
135,187,0,0
135,188,0,0
135,189,0,0
135,190,0,0
135,191,0,0
135,192,0,0
135,193,90000,0
135,194,54000,0
135,195,0,0
135,196,0,0
135,197,0,0
135,198,0,0
135,199,0,0
135,200,38000,2
135,201,0,0
135,202,0,0
135,203,0,0
135,204,0,0
135,205,10000,0
135,206,2490,1
135,207,12400,1
135,208,0,0
135,209,75300,0
136,171,0,0
136,172,27000,0
136,173,0,0
136,174,0,0
136,175,0,0
136,176,0,0
136,177,0,0
136,178,0,0
136,179,0,0
136,180,190000,0
136,181,0,0
136,182,0,0
136,183,85000,0
136,184,100000,76
136,185,0,0
136,186,0,0
136,187,0,0
136,188,0,0
136,189,45000,0
136,190,0,0
136,191,15000,0
136,192,0,0
136,193,65600,0
136,194,0,0
136,195,0,0
136,196,275000,0
136,197,0,0
136,198,75000,0
136,199,55,55
136,200,0,0
136,201,0,0
136,202,0,0
136,203,2770,0
136,204,0,0
136,205,0,0
136,206,0,0
136,207,0,0
136,208,0,0
136,209,0,0
137,171,136000,3
137,172,330000,250
137,173,0,0
137,174,0,0
137,175,0,0
137,176,0,0
137,177,0,0
137,178,961,21
137,179,22000,2
137,180,0,0
137,181,36100,70
137,182,5070,70
137,183,55300,332
137,184,0,0
137,185,0,0
137,186,0,0
137,187,200000,62
137,188,28700,173
137,189,38,38
137,190,538,38
137,191,2660,61
137,192,0,0
137,193,30000,0
137,194,219000,80
137,195,101000,85
137,196,0,0
137,197,0,0
137,198,0,0
137,199,0,0
137,200,491000,74
137,201,72,22
137,202,66300,15
137,203,10900,23
137,204,65500,22
137,205,7500,0
137,206,0,0
137,207,15300,0
137,208,47700,17
137,209,495000,40
138,171,0,0
138,172,0,0
138,173,2770000,653
138,174,5000,3
138,175,1200000,94
138,176,99,0
138,177,15900,18
138,178,7320,24
138,179,2550,53
138,180,16000,0
138,181,26000,2
138,182,308000,353
138,183,201000,33
138,184,1850,11
138,185,0,0
138,186,5510,68
138,187,618,3
138,188,0,0
138,189,0,0
138,190,308000,44
138,191,713000,176
138,192,893,70
138,193,1050000,79
138,194,348000,53
138,195,812000,62
138,196,130000,476
138,197,96000,0
138,198,105000,18
138,199,0,0
138,200,2110000,164
138,201,166000,55
138,202,91300,43
138,203,156000,90
138,204,3500,0
138,205,21700,49
138,206,193000,5
138,207,733000,36
138,208,86800,40
138,209,1600000,116
139,171,0,0
139,172,0,0
139,173,0,0
139,174,0,0
139,175,0,0
139,176,0,0
139,177,0,0
139,178,1000,0
139,179,0,0
139,180,0,0
139,181,4500,0
139,182,0,0
139,183,16800,0
139,184,0,0
139,185,0,0
139,186,0,0
139,187,0,0
139,188,0,0
139,189,0,0
139,190,0,0
139,191,0,0
139,192,0,0
139,193,0,0
139,194,0,0
139,195,0,0
139,196,0,0
139,197,0,0
139,198,225000,55
139,199,1210,9
139,200,0,0
139,201,0,0
139,202,15000,27
139,203,0,0
139,204,0,0
139,205,600,0
139,206,3600,2
139,207,500,0
139,208,0,0
139,209,0,0
140,171,0,0
140,172,0,0
140,173,0,0
140,174,0,0
140,175,0,0
140,176,0,0
140,177,0,0
140,178,0,0
140,179,0,0
140,180,45200,23
140,181,0,0
140,182,930,30
140,183,0,0
140,184,2020,19
140,185,0,0
140,186,0,0
140,187,0,0
140,188,0,0
140,189,0,0
140,190,0,0
140,191,0,0
140,192,0,0
140,193,0,0
140,194,0,0
140,195,0,0
140,196,0,0
140,197,3060,10
140,198,0,0
140,199,0,0
140,200,0,0
140,201,0,0
140,202,206,6
140,203,61,1
140,204,36,0
140,205,0,0
140,206,0,0
140,207,240,0
140,208,0,0
140,209,112,2
142,171,239000,215
142,172,0,0
142,173,0,0
142,174,0,0
142,175,0,0
142,176,1000000,60
142,177,0,0
142,178,0,0
142,179,0,0
142,180,0,0
142,181,0,0
142,182,0,0
142,183,0,0
142,184,0,0
142,185,2000,0
142,186,0,0
142,187,0,0
142,188,0,0
142,189,0,0
142,190,0,0
142,191,0,0
142,192,15100,108
142,193,0,0
142,194,0,0
142,195,2,2
142,196,5000,2
142,197,0,0
142,198,122000,20
142,199,12000,31
142,200,9070,34
142,201,63400,9
142,202,14800,7
142,203,8710,9
142,204,603,3
142,205,28100,10
142,206,58100,97
142,207,24600,51
142,208,4270,12
142,209,10500,5
143,171,0,0
143,172,0,0
143,173,0,0
143,174,0,0
143,175,0,0
143,176,0,0
143,177,0,0
143,178,0,0
143,179,0,0
143,180,0,0
143,181,0,0
143,182,0,0
143,183,0,0
143,184,0,0
143,185,0,0
143,186,0,0
143,187,0,0
143,188,0,0
143,189,0,0
143,190,0,0
143,191,0,0
143,192,0,0
143,193,0,0
143,194,14900,138
143,195,798000,46
143,196,0,0
143,197,234000,4
143,198,502,2
143,199,190000,14
143,200,1200,0
143,201,76500,3
143,202,375000,37
143,203,385000,259
143,204,600,0
143,205,6540,18
143,206,9070,22
143,207,7720,0
143,208,14000,0
143,209,0,0
144,171,0,0
144,172,0,0
144,173,0,0
144,174,0,0
144,175,1900000,0
144,176,0,0
144,177,0,0
144,178,0,0
144,179,0,0
144,180,0,0
144,181,0,0
144,182,0,0
144,183,0,0
144,184,0,0
144,185,0,0
144,186,0,0
144,187,0,0
144,188,0,0
144,189,21700,48
144,190,0,0
144,191,0,0
144,192,0,0
144,193,0,0
144,194,0,0
144,195,0,0
144,196,0,0
144,197,0,0
144,198,0,0
144,199,0,0
144,200,0,0
144,201,0,0
144,202,3010,12
144,203,20100,69
144,204,7020,0
144,205,0,0
144,206,0,0
144,207,0,0
144,208,4530,30
144,209,11400,0
145,171,0,0
145,172,0,0
145,173,0,0
145,174,0,0
145,175,0,0
145,176,0,0
145,177,0,0
145,178,0,0
145,179,0,0
145,180,0,0
145,181,0,0
145,182,0,0
145,183,0,0
145,184,0,0
145,185,0,0
145,186,0,0
145,187,0,0
145,188,0,0
145,189,0,0
145,190,0,0
145,191,0,0
145,192,0,0
145,193,0,0
145,194,0,0
145,195,0,0
145,196,0,0
145,197,0,0
145,198,0,0
145,199,0,0
145,200,0,0
145,201,0,0
145,202,0,0
145,203,0,0
145,204,0,0
145,205,0,0
145,206,0,0
145,207,0,0
145,208,0,0
145,209,0,0
148,171,0,0
148,172,0,0
148,173,0,0
148,174,0,0
148,175,0,0
148,176,0,0
148,177,0,0
148,178,0,0
148,179,0,0
148,180,0,0
148,181,0,0
148,182,0,0
148,183,0,0
148,184,0,0
148,185,0,0
148,186,5030,32
148,187,0,0
148,188,0,0
148,189,0,0
148,190,0,0
148,191,0,0
148,192,0,0
148,193,0,0
148,194,0,0
148,195,0,0
148,196,0,0
148,197,0,0
148,198,0,0
148,199,0,0
148,200,0,0
148,201,0,0
148,202,0,0
148,203,19,19
148,204,13100,12
148,205,435,5
148,206,130,63
148,207,0,0
148,208,0,0
148,209,0,0
149,171,0,0
149,172,0,0
149,173,0,0
149,174,0,0
149,175,0,0
149,176,0,0
149,177,0,0
149,178,0,0
149,179,0,0
149,180,0,0
149,181,0,0
149,182,0,0
149,183,0,0
149,184,5000,0
149,185,0,0
149,186,3000,0
149,187,0,0
149,188,0,0
149,189,10000,0
149,190,0,0
149,191,0,0
149,192,0,0
149,193,0,0
149,194,5000,0
149,195,17500,0
149,196,0,0
149,197,0,0
149,198,0,0
149,199,300000,0
149,200,0,0
149,201,0,0
149,202,0,0
149,203,179000,28
149,204,7780,8
149,205,0,0
149,206,50000,0
149,207,0,0
149,208,5310,8
149,209,9980,1
150,171,0,0
150,172,0,0
150,173,0,0
150,174,0,0
150,175,0,0
150,176,0,0
150,177,0,0
150,178,0,0
150,179,0,0
150,180,0,0
150,181,0,0
150,182,0,0
150,183,0,0
150,184,0,0
150,185,0,0
150,186,0,0
150,187,0,0
150,188,0,0
150,189,0,0
150,190,0,0
150,191,0,0
150,192,0,0
150,193,0,0
150,194,0,0
150,195,0,0
150,196,0,0
150,197,0,0
150,198,0,0
150,199,0,0
150,200,0,0
150,201,0,0
150,202,0,0
150,203,0,0
150,204,0,0
150,205,0,0
150,206,0,0
150,207,0,0
150,208,12400,0
150,209,0,0
151,171,0,0
151,172,0,0
151,173,0,0
151,174,0,0
151,175,0,0
151,176,0,0
151,177,0,0
151,178,0,0
151,179,0,0
151,180,0,0
151,181,0,0
151,182,0,0
151,183,0,0
151,184,0,0
151,185,0,0
151,186,0,0
151,187,0,0
151,188,0,0
151,189,0,0
151,190,0,0
151,191,0,0
151,192,0,0
151,193,0,0
151,194,0,0
151,195,0,0
151,196,0,0
151,197,0,0
151,198,1240,5
151,199,0,0
151,200,0,0
151,201,0,0
151,202,0,0
151,203,0,0
151,204,0,0
151,205,0,0
151,206,0,0
151,207,0,0
151,208,0,0
151,209,0,0
152,171,0,0
152,172,0,0
152,173,0,0
152,174,0,0
152,175,0,0
152,176,0,0
152,177,0,0
152,178,0,0
152,179,0,0
152,180,0,0
152,181,0,0
152,182,0,0
152,183,0,0
152,184,0,0
152,185,0,0
152,186,0,0
152,187,0,0
152,188,0,0
152,189,0,0
152,190,0,0
152,191,0,0
152,192,0,0
152,193,0,0
152,194,0,0
152,195,0,0
152,196,0,0
152,197,200000,12
152,198,0,0
152,199,0,0
152,200,0,0
152,201,0,0
152,202,0,0
152,203,0,0
152,204,0,0
152,205,10,10
152,206,15000,20
152,207,0,0
152,208,4500,0
152,209,0,0
154,171,0,0
154,172,0,0
154,173,0,0
154,174,0,0
154,175,0,0
154,176,0,0
154,177,0,0
154,178,0,0
154,179,0,0
154,180,0,0
154,181,0,0
154,182,0,0
154,183,0,0
154,184,0,0
154,185,0,0
154,186,0,0
154,187,0,0
154,188,0,0
154,189,0,0
154,190,0,0
154,191,0,0
154,192,0,0
154,193,0,0
154,194,0,0
154,195,0,0
154,196,0,0
154,197,0,0
154,198,0,0
154,199,11700,54
154,200,36200,2
154,201,0,0
154,202,1,1
154,203,0,0
154,204,0,0
154,205,231,1
154,206,1,1
154,207,101,1
154,208,0,0
154,209,0,0
155,171,0,0
155,172,0,0
155,173,0,0
155,174,0,0
155,175,0,0
155,176,0,0
155,177,0,0
155,178,0,0
155,179,0,0
155,180,0,0
155,181,0,0
155,182,0,0
155,183,0,0
155,184,0,0
155,185,0,0
155,186,0,0
155,187,0,0
155,188,0,0
155,189,0,0
155,190,0,0
155,191,0,0
155,192,0,0
155,193,0,0
155,194,0,0
155,195,0,0
155,196,0,0
155,197,0,0
155,198,0,0
155,199,0,0
155,200,0,0
155,201,0,0
155,202,0,0
155,203,0,0
155,204,0,0
155,205,0,0
155,206,0,0
155,207,0,0
155,208,0,0
155,209,0,0
156,171,0,0
156,172,0,0
156,173,0,0
156,174,0,0
156,175,0,0
156,176,0,0
156,177,0,0
156,178,0,0
156,179,0,0
156,180,0,0
156,181,0,0
156,182,0,0
156,183,0,0
156,184,0,0
156,185,0,0
156,186,0,0
156,187,0,0
156,188,0,0
156,189,0,0
156,190,0,0
156,191,0,0
156,192,0,0
156,193,0,0
156,194,0,0
156,195,0,0
156,196,0,0
156,197,0,0
156,198,0,0
156,199,0,0
156,200,0,0
156,201,0,0
156,202,0,0
156,203,0,0
156,204,0,0
156,205,0,0
156,206,0,0
156,207,0,0
156,208,0,0
156,209,0,0
157,171,0,0
157,172,0,0
157,173,0,0
157,174,0,0
157,175,0,0
157,176,0,0
157,177,0,0
157,178,40000,0
157,179,0,0
157,180,0,0
157,181,0,0
157,182,30000,5
157,183,0,0
157,184,0,0
157,185,0,0
157,186,0,0
157,187,0,0
157,188,30000,0
157,189,0,0
157,190,50000,34
157,191,0,0
157,192,0,0
157,193,0,0
157,194,0,0
157,195,100,100
157,196,8520,20
157,197,103,3
157,198,1230000,2310
157,199,0,0
157,200,0,0
157,201,374000,0
157,202,6500,0
157,203,0,0
157,204,301,1
157,205,1500,0
157,206,7530,12
157,207,487000,102
157,208,10000,25
157,209,52000,0
158,171,0,0
158,172,0,0
158,173,0,0
158,174,0,0
158,175,26,26
158,176,0,0
158,177,0,0
158,178,1000,4
158,179,26,26
158,180,0,0
158,181,0,0
158,182,289,104
158,183,0,0
158,184,0,0
158,185,0,0
158,186,0,0
158,187,0,0
158,188,65500,506
158,189,25,25
158,190,0,0
158,191,0,0
158,192,0,0
158,193,0,0
158,194,15000,12
158,195,11000,0
158,196,4710,207
158,197,7560,34
158,198,307,0
158,199,0,0
158,200,2330,27
158,201,3290,93
158,202,42700,5
158,203,2520,16
158,204,501,1
158,205,15000,0
158,206,0,0
158,207,7170,12
158,208,38000,0
158,209,4010,11
159,171,7030,28
159,172,0,0
159,173,1130000,747
159,174,0,0
159,175,0,0
159,176,0,0
159,177,0,0
159,178,76300,315
159,179,2030,27
159,180,0,0
159,181,0,0
159,182,0,0
159,183,0,0
159,184,0,0
159,185,351000,166
159,186,0,0
159,187,0,0
159,188,154000,50
159,189,0,0
159,190,0,0
159,191,189000,127
159,192,1590,54
159,193,283,5
159,194,0,0
159,195,0,0
159,196,0,0
159,197,60500,85
159,198,130,15
159,199,121000,403
159,200,30300,64
159,201,3110,20
159,202,310000,70
159,203,4030,21
159,204,0,0
159,205,4700,10
159,206,14500,18
159,207,4680,46
159,208,1000,3
159,209,23,10
161,171,0,0
161,172,0,0
161,173,0,0
161,174,500,500
161,175,0,0
161,176,0,0
161,177,0,0
161,178,0,0
161,179,2,2
161,180,70,20
161,181,0,0
161,182,0,0
161,183,227000,77
161,184,508000,45
161,185,0,0
161,186,0,0
161,187,0,0
161,188,2010,5
161,189,0,0
161,190,12,12
161,191,0,0
161,192,0,0
161,193,0,0
161,194,0,0
161,195,10,10
161,196,0,0
161,197,4000,1
161,198,405,5
161,199,0,0
161,200,0,0
161,201,1020,24
161,202,0,0
161,203,56,6
161,204,0,0
161,205,600,0
161,206,0,0
161,207,0,0
161,208,4440,5
161,209,0,0
162,171,0,0
162,172,0,0
162,173,0,0
162,174,0,0
162,175,0,0
162,176,0,0
162,177,0,0
162,178,0,0
162,179,2010,10
162,180,0,0
162,181,0,0
162,182,20000,7
162,183,130000,54
162,184,1250000,3
162,185,575000,51
162,186,0,0
162,187,64500,43
162,188,0,0
162,189,0,0
162,190,501000,325
162,191,440000,33
162,192,297000,27
162,193,656000,15
162,194,330000,8
162,195,728000,0
162,196,120000,3
162,197,10000,0
162,198,5010,10
162,199,365000,3
162,200,375000,6
162,201,400000,5
162,202,160,0
162,203,500000,2
162,204,695000,235
162,205,200000,6
162,206,145000,6
162,207,333000,25
162,208,406000,33
162,209,738000,33
163,171,0,0
163,172,0,0
163,173,0,0
163,174,0,0
163,175,0,0
163,176,0,0
163,177,0,0
163,178,0,0
163,179,0,0
163,180,0,0
163,181,0,0
163,182,0,0
163,183,0,0
163,184,0,0
163,185,0,0
163,186,0,0
163,187,0,0
163,188,0,0
163,189,0,0
163,190,0,0
163,191,0,0
163,192,0,0
163,193,0,0
163,194,0,0
163,195,0,0
163,196,0,0
163,197,0,0
163,198,0,0
163,199,0,0
163,200,0,0
163,201,0,0
163,202,0,0
163,203,0,0
163,204,0,0
163,205,0,0
163,206,0,0
163,207,0,0
163,208,0,0
163,209,0,0
165,171,0,0
165,172,0,0
165,173,0,0
165,174,0,0
165,175,0,0
165,176,0,0
165,177,0,0
165,178,0,0
165,179,0,0
165,180,0,0
165,181,0,0
165,182,0,0
165,183,0,0
165,184,0,0
165,185,0,0
165,186,0,0
165,187,152,0
165,188,1000,0
165,189,0,0
165,190,0,0
165,191,0,0
165,192,0,0
165,193,203,3
165,194,0,0
165,195,0,0
165,196,0,0
165,197,0,0
165,198,0,0
165,199,0,0
165,200,0,0
165,201,0,0
165,202,0,0
165,203,0,0
165,204,0,0
165,205,0,0
165,206,0,0
165,207,0,0
165,208,0,0
165,209,0,0
166,171,0,0
166,172,0,0
166,173,0,0
166,174,0,0
166,175,0,0
166,176,145000,0
166,177,0,0
166,178,0,0
166,179,100000,34
166,180,0,0
166,181,0,0
166,182,0,0
166,183,0,0
166,184,132000,0
166,185,0,0
166,186,0,0
166,187,0,0
166,188,0,0
166,189,2500000,96
166,190,0,0
166,191,0,0
166,192,0,0
166,193,0,0
166,194,2020,21
166,195,5970,8
166,196,0,0
166,197,121000,152
166,198,100000,8
166,199,1000000,103
166,200,281000,38
166,201,0,0
166,202,97000,3
166,203,100000,0
166,204,325000,20
166,205,0,0
166,206,161000,5
166,207,167000,27
166,208,566000,150
166,209,92800,17
167,171,0,0
167,172,0,0
167,173,0,0
167,174,0,0
167,175,0,0
167,176,0,0
167,177,0,0
167,178,0,0
167,179,0,0
167,180,0,0
167,181,0,0
167,182,0,0
167,183,0,0
167,184,0,0
167,185,0,0
167,186,0,0
167,187,0,0
167,188,0,0
167,189,0,0
167,190,0,0
167,191,0,0
167,192,0,0
167,193,0,0
167,194,0,0
167,195,0,0
167,196,0,0
167,197,0,0
167,198,0,0
167,199,0,0
167,200,0,0
167,201,0,0
167,202,0,0
167,203,0,0
167,204,0,0
167,205,0,0
167,206,0,0
167,207,25000,3
167,208,0,0
167,209,6550,2
168,171,0,0
168,172,0,0
168,173,0,0
168,174,0,0
168,175,0,0
168,176,0,0
168,177,0,0
168,178,0,0
168,179,0,0
168,180,0,0
168,181,0,0
168,182,0,0
168,183,0,0
168,184,0,0
168,185,0,0
168,186,0,0
168,187,0,0
168,188,0,0
168,189,0,0
168,190,0,0
168,191,0,0
168,192,0,0
168,193,0,0
168,194,0,0
168,195,0,0
168,196,0,0
168,197,0,0
168,198,0,0
168,199,0,0
168,200,0,0
168,201,272000,0
168,202,0,0
168,203,0,0
168,204,0,0
168,205,0,0
168,206,0,0
168,207,0,0
168,208,0,0
168,209,2500,0
169,171,0,0
169,172,0,0
169,173,0,0
169,174,0,0
169,175,0,0
169,176,0,0
169,177,0,0
169,178,0,0
169,179,0,0
169,180,0,0
169,181,0,0
169,182,0,0
169,183,0,0
169,184,0,0
169,185,0,0
169,186,11,11
169,187,0,0
169,188,0,0
169,189,0,0
169,190,0,0
169,191,0,0
169,192,0,0
169,193,0,0
169,194,0,0
169,195,0,0
169,196,0,0
169,197,0,0
169,198,0,0
169,199,0,0
169,200,0,0
169,201,0,0
169,202,0,0
169,203,0,0
169,204,0,0
169,205,0,0
169,206,0,0
169,207,0,0
169,208,0,0
169,209,0,0
170,171,0,0
170,172,0,0
170,173,0,0
170,174,0,0
170,175,0,0
170,176,0,0
170,177,0,0
170,178,0,0
170,179,0,0
170,180,0,0
170,181,0,0
170,182,0,0
170,183,0,0
170,184,0,0
170,185,0,0
170,186,0,0
170,187,0,0
170,188,0,0
170,189,0,0
170,190,0,0
170,191,0,0
170,192,0,0
170,193,0,0
170,194,0,0
170,195,0,0
170,196,0,0
170,197,0,0
170,198,0,0
170,199,0,0
170,200,3,3
170,201,0,0
170,202,0,0
170,203,0,0
170,204,0,0
170,205,0,0
170,206,2510,6
170,207,3000,0
170,208,102,1
170,209,0,0
171,171,0,0
171,172,0,0
171,173,0,0
171,174,0,0
171,175,205000,0
171,176,0,0
171,177,0,0
171,178,0,0
171,179,0,0
171,180,0,0
171,181,0,0
171,182,0,0
171,183,0,0
171,184,0,0
171,185,0,0
171,186,0,0
171,187,0,0
171,188,0,0
171,189,0,0
171,190,0,0
171,191,0,0
171,192,0,0
171,193,0,0
171,194,0,0
171,195,0,0
171,196,0,0
171,197,0,0
171,198,0,0
171,199,0,0
171,200,0,0
171,201,0,0
171,202,0,0
171,203,0,0
171,204,0,0
171,205,0,0
171,206,0,0
171,207,6,6
171,208,0,0
171,209,0,0
172,171,0,0
172,172,0,0
172,173,0,0
172,174,0,0
172,175,0,0
172,176,0,0
172,177,0,0
172,178,0,0
172,179,0,0
172,180,0,0
172,181,0,0
172,182,0,0
172,183,0,0
172,184,0,0
172,185,0,0
172,186,0,0
172,187,0,0
172,188,0,0
172,189,0,0
172,190,0,0
172,191,280,0
172,192,0,0
172,193,64900,1350
172,194,0,0
172,195,6050,0
172,196,0,0
172,197,180000,0
172,198,0,0
172,199,41900,51
172,200,9420,27
172,201,0,0
172,202,2190,0
172,203,4280,32
172,204,1760,6
172,205,400000,0
172,206,5120,8
172,207,0,0
172,208,17300,22
172,209,0,0
173,171,0,0
173,172,0,0
173,173,0,0
173,174,0,0
173,175,68000,25
173,176,0,0
173,177,0,0
173,178,0,0
173,179,9000,0
173,180,90000,0
173,181,0,0
173,182,0,0
173,183,40000,0
173,184,0,0
173,185,0,0
173,186,0,0
173,187,6000,0
173,188,0,0
173,189,6500,0
173,190,141000,10
173,191,163000,189
173,192,0,0
173,193,0,0
173,194,202000,54
173,195,7030,31
173,196,21900,3
173,197,0,0
173,198,10200,83
173,199,4660,61
173,200,0,0
173,201,1850,36
173,202,205,5
173,203,1210,9
173,204,2000,0
173,205,0,0
173,206,10600,1
173,207,21500,0
173,208,0,0
173,209,9530,73
174,171,0,0
174,172,0,0
174,173,0,0
174,174,0,0
174,175,0,0
174,176,3000000,239
174,177,0,0
174,178,0,0
174,179,2030000,96
174,180,0,0
174,181,630000,57
174,182,0,0
174,183,0,0
174,184,1000000,50
174,185,786000,17
174,186,7660,18
174,187,27800,42
174,188,24,24
174,189,1120000,664
174,190,0,0
174,191,0,0
174,192,16600,17
174,193,0,0
174,194,889000,41
174,195,171000,102
174,196,4280000,231
174,197,5000000,91
174,198,14,14
174,199,0,0
174,200,284000,22
174,201,3310000,98
174,202,471000,222
174,203,3290000,154
174,204,108000,9
174,205,507000,13
174,206,819000,76
174,207,2560000,280
174,208,183000,53
174,209,1540000,39
175,171,0,0
175,172,0,0
175,173,0,0
175,174,0,0
175,175,0,0
175,176,0,0
175,177,0,0
175,178,0,0
175,179,0,0
175,180,0,0
175,181,0,0
175,182,0,0
175,183,0,0
175,184,0,0
175,185,0,0
175,186,0,0
175,187,0,0
175,188,0,0
175,189,0,0
175,190,0,0
175,191,0,0
175,192,0,0
175,193,0,0
175,194,0,0
175,195,0,0
175,196,0,0
175,197,0,0
175,198,0,0
175,199,0,0
175,200,0,0
175,201,0,0
175,202,2510,1
175,203,0,0
175,204,1050,3
175,205,0,0
175,206,0,0
175,207,0,0
175,208,948,1
175,209,0,0
176,171,0,0
176,172,0,0
176,173,0,0
176,174,0,0
176,175,0,0
176,176,0,0
176,177,0,0
176,178,0,0
176,179,0,0
176,180,0,0
176,181,0,0
176,182,0,0
176,183,0,0
176,184,0,0
176,185,0,0
176,186,0,0
176,187,0,0
176,188,0,0
176,189,0,0
176,190,0,0
176,191,0,0
176,192,0,0
176,193,0,0
176,194,0,0
176,195,11500,0
176,196,185000,3
176,197,0,0
176,198,0,0
176,199,30400,0
176,200,65000,0
176,201,0,0
176,202,0,0
176,203,0,0
176,204,0,0
176,205,0,0
176,206,0,0
176,207,2000,0
176,208,141000,41
176,209,44800,6
178,171,0,0
178,172,0,0
178,173,0,0
178,174,0,0
178,175,0,0
178,176,0,0
178,177,0,0
178,178,0,0
178,179,0,0
178,180,0,0
178,181,0,0
178,182,0,0
178,183,0,0
178,184,0,0
178,185,0,0
178,186,0,0
178,187,0,0
178,188,0,0
178,189,0,0
178,190,0,0
178,191,0,0
178,192,0,0
178,193,0,0
178,194,15,5
178,195,0,0
178,196,0,0
178,197,200,0
178,198,0,0
178,199,0,0
178,200,0,0
178,201,0,0
178,202,0,0
178,203,0,0
178,204,0,0
178,205,0,0
178,206,0,0
178,207,0,0
178,208,0,0
178,209,0,0
179,171,0,0
179,172,0,0
179,173,0,0
179,174,44400,111
179,175,0,0
179,176,0,0
179,177,0,0
179,178,0,0
179,179,0,0
179,180,750,0
179,181,0,0
179,182,0,0
179,183,30100,117
179,184,0,0
179,185,0,0
179,186,0,0
179,187,2520,23
179,188,0,0
179,189,0,0
179,190,0,0
179,191,152000,37
179,192,0,0
179,193,0,0
179,194,0,0
179,195,0,0
179,196,0,0
179,197,0,0
179,198,0,0
179,199,0,0
179,200,0,0
179,201,0,0
179,202,0,0
179,203,0,0
179,204,27000,12
179,205,0,0
179,206,0,0
179,207,0,0
179,208,6520,16
179,209,0,0
180,171,0,0
180,172,0,0
180,173,0,0
180,174,0,0
180,175,33,33
180,176,0,0
180,177,0,0
180,178,0,0
180,179,0,0
180,180,0,0
180,181,60100,75
180,182,10,10
180,183,0,0
180,184,0,0
180,185,200,0
180,186,0,0
180,187,0,0
180,188,0,0
180,189,1510,13
180,190,0,0
180,191,4570,69
180,192,542,42
180,193,0,0
180,194,0,0
180,195,0,0
180,196,307000,63
180,197,0,0
180,198,0,0
180,199,1240000,92
180,200,0,0
180,201,1000,2
180,202,2530,12
180,203,3030,34
180,204,8,8
180,205,50100,23
180,206,3010,7
180,207,63100,59
180,208,3200,16
180,209,0,0
181,171,0,0
181,172,0,0
181,173,0,0
181,174,0,0
181,175,0,0
181,176,0,0
181,177,0,0
181,178,0,0
181,179,0,0
181,180,0,0
181,181,0,0
181,182,0,0
181,183,0,0
181,184,0,0
181,185,0,0
181,186,0,0
181,187,0,0
181,188,0,0
181,189,0,0
181,190,0,0
181,191,0,0
181,192,0,0
181,193,0,0
181,194,420,0
181,195,0,0
181,196,0,0
181,197,0,0
181,198,0,0
181,199,0,0
181,200,0,0
181,201,0,0
181,202,0,0
181,203,0,0
181,204,0,0
181,205,0,0
181,206,0,0
181,207,0,0
181,208,0,0
181,209,0,0
183,171,0,0
183,172,0,0
183,173,0,0
183,174,0,0
183,175,0,0
183,176,0,0
183,177,0,0
183,178,0,0
183,179,0,0
183,180,0,0
183,181,0,0
183,182,0,0
183,183,0,0
183,184,0,0
183,185,0,0
183,186,0,0
183,187,0,0
183,188,0,0
183,189,0,0
183,190,0,0
183,191,0,0
183,192,0,0
183,193,0,0
183,194,0,0
183,195,0,0
183,196,0,0
183,197,0,0
183,198,154000,100
183,199,15200,0
183,200,0,0
183,201,0,0
183,202,801,1
183,203,877,17
183,204,2230,25
183,205,30000,0
183,206,0,0
183,207,5680,3
183,208,721000,33
183,209,30100,49
184,171,0,0
184,172,0,0
184,173,0,0
184,174,0,0
184,175,0,0
184,176,0,0
184,177,0,0
184,178,0,0
184,179,0,0
184,180,0,0
184,181,0,0
184,182,0,0
184,183,0,0
184,184,0,0
184,185,0,0
184,186,0,0
184,187,0,0
184,188,0,0
184,189,0,0
184,190,0,0
184,191,0,0
184,192,0,0
184,193,0,0
184,194,325000,9
184,195,0,0
184,196,1700000,0
184,197,10000,0
184,198,0,0
184,199,24600,18
184,200,0,0
184,201,0,0
184,202,300000,9
184,203,0,0
184,204,600,0
184,205,0,0
184,206,8340,0
184,207,5000,2
184,208,0,0
184,209,225000,38
186,171,0,0
186,172,0,0
186,173,0,0
186,174,0,0
186,175,0,0
186,176,0,0
186,177,0,0
186,178,6,6
186,179,0,0
186,180,0,0
186,181,0,0
186,182,0,0
186,183,0,0
186,184,0,0
186,185,0,0
186,186,0,0
186,187,0,0
186,188,0,0
186,189,0,0
186,190,0,0
186,191,0,0
186,192,0,0
186,193,0,0
186,194,604,4
186,195,707,7
186,196,0,0
186,197,0,0
186,198,1,1
186,199,305,5
186,200,330,0
186,201,1440,0
186,202,240,0
186,203,751,1
186,204,0,0
186,205,1010,0
186,206,0,0
186,207,0,0
186,208,370000,14
186,209,3310,8
187,171,0,0
187,172,0,0
187,173,3240,237
187,174,56,56
187,175,0,0
187,176,0,0
187,177,139,139
187,178,2840,140
187,179,27,27
187,180,0,0
187,181,117000,36
187,182,30,30
187,183,11,11
187,184,10,10
187,185,5530,28
187,186,5560,12
187,187,2010,13
187,188,0,0
187,189,0,0
187,190,0,0
187,191,3390,38
187,192,15,15
187,193,0,0
187,194,44000,98
187,195,14100,37
187,196,115000,19
187,197,243000,72
187,198,191000,72
187,199,37000,31
187,200,100,0
187,201,3650,8
187,202,23800,12
187,203,146000,26
187,204,3220,24
187,205,5340,1
187,206,18300,53
187,207,74100,40
187,208,8890,80
187,209,11000000,44
188,171,0,0
188,172,0,0
188,173,0,0
188,174,0,0
188,175,0,0
188,176,0,0
188,177,0,0
188,178,0,0
188,179,0,0
188,180,0,0
188,181,0,0
188,182,0,0
188,183,0,0
188,184,0,0
188,185,0,0
188,186,0,0
188,187,18500,0
188,188,0,0
188,189,0,0
188,190,0,0
188,191,0,0
188,192,1500,0
188,193,4700,0
188,194,0,0
188,195,0,0
188,196,0,0
188,197,0,0
188,198,0,0
188,199,9300,1
188,200,0,0
188,201,5000,0
188,202,5000,0
188,203,2500,0
188,204,200,0
188,205,0,0
188,206,0,0
188,207,0,0
188,208,120000,2
188,209,0,0
189,171,0,0
189,172,0,0
189,173,0,0
189,174,0,0
189,175,0,0
189,176,0,0
189,177,0,0
189,178,0,0
189,179,0,0
189,180,0,0
189,181,0,0
189,182,0,0
189,183,0,0
189,184,0,0
189,185,0,0
189,186,0,0
189,187,0,0
189,188,0,0
189,189,0,0
189,190,0,0
189,191,0,0
189,192,0,0
189,193,0,0
189,194,0,0
189,195,0,0
189,196,0,0
189,197,0,0
189,198,0,0
189,199,0,0
189,200,0,0
189,201,0,0
189,202,0,0
189,203,0,0
189,204,0,0
189,205,0,0
189,206,1500,0
189,207,0,0
189,208,0,0
189,209,0,0
190,171,0,0
190,172,0,0
190,173,0,0
190,174,0,0
190,175,0,0
190,176,0,0
190,177,0,0
190,178,0,0
190,179,0,0
190,180,0,0
190,181,0,0
190,182,0,0
190,183,0,0
190,184,0,0
190,185,0,0
190,186,0,0
190,187,0,0
190,188,0,0
190,189,0,0
190,190,0,0
190,191,0,0
190,192,0,0
190,193,0,0
190,194,0,0
190,195,0,0
190,196,0,0
190,197,0,0
190,198,0,0
190,199,0,0
190,200,0,0
190,201,0,0
190,202,0,0
190,203,3000,0
190,204,0,0
190,205,0,0
190,206,0,0
190,207,0,0
190,208,0,0
190,209,0,0
191,171,0,0
191,172,0,0
191,173,0,0
191,174,0,0
191,175,0,0
191,176,0,0
191,177,0,0
191,178,0,0
191,179,0,0
191,180,0,0
191,181,0,0
191,182,0,0
191,183,0,0
191,184,0,0
191,185,0,0
191,186,15000,38
191,187,0,0
191,188,69,40
191,189,5550,66
191,190,0,0
191,191,0,0
191,192,0,0
191,193,0,0
191,194,0,0
191,195,26,26
191,196,0,0
191,197,51500,0
191,198,18000,3
191,199,0,0
191,200,574000,30000
191,201,27000,15
191,202,0,0
191,203,55400,4
191,204,651,1
191,205,4040,35
191,206,45900,97
191,207,135,0
191,208,0,0
191,209,1510,8
192,171,204000,237
192,172,0,0
192,173,0,0
192,174,0,0
192,175,0,0
192,176,0,0
192,177,0,0
192,178,0,0
192,179,4080000,74
192,180,0,0
192,181,628000,94
192,182,0,0
192,183,0,0
192,184,0,0
192,185,38000,33
192,186,2800000,93
192,187,165,165
192,188,0,0
192,189,0,0
192,190,0,0
192,191,10300,82
192,192,296000,195
192,193,110000,56
192,194,15100,64
192,195,382000,310
192,196,400000,253
192,197,375000,222
192,198,0,0
192,199,32600,45
192,200,5780000,789
192,201,5030000,496
192,202,1610000,339
192,203,1430000,147
192,204,417000,128
192,205,35100,96
192,206,92600,192
192,207,52300,178
192,208,962000,230
192,209,633000,157
193,171,0,0
193,172,0,0
193,173,0,0
193,174,0,0
193,175,0,0
193,176,0,0
193,177,0,0
193,178,0,0
193,179,0,0
193,180,0,0
193,181,0,0
193,182,0,0
193,183,0,0
193,184,0,0
193,185,0,0
193,186,0,0
193,187,0,0
193,188,0,0
193,189,0,0
193,190,0,0
193,191,0,0
193,192,30000,0
193,193,0,0
193,194,21500,31
193,195,0,0
193,196,0,0
193,197,244000,345
193,198,0,0
193,199,3310,70
193,200,19800,0
193,201,0,0
193,202,33,33
193,203,753,53
193,204,15,15
193,205,0,0
193,206,743,22
193,207,2350,30
193,208,2710,93
193,209,25200,180
194,171,0,0
194,172,0,0
194,173,0,0
194,174,0,0
194,175,0,0
194,176,0,0
194,177,0,0
194,178,0,0
194,179,30900,11
194,180,0,0
194,181,0,0
194,182,0,0
194,183,0,0
194,184,0,0
194,185,0,0
194,186,0,0
194,187,0,0
194,188,0,0
194,189,0,0
194,190,800000,0
194,191,0,0
194,192,0,0
194,193,0,0
194,194,0,0
194,195,0,0
194,196,0,0
194,197,0,0
194,198,0,0
194,199,1300000,0
194,200,0,0
194,201,12000,0
194,202,618000,5
194,203,0,0
194,204,11000,4
194,205,196000,2
194,206,4000,0
194,207,0,0
194,208,1550000,5
194,209,15000,4
195,171,0,0
195,172,0,0
195,173,0,0
195,174,0,0
195,175,0,0
195,176,0,0
195,177,0,0
195,178,0,0
195,179,0,0
195,180,0,0
195,181,0,0
195,182,0,0
195,183,0,0
195,184,0,0
195,185,0,0
195,186,0,0
195,187,0,0
195,188,0,0
195,189,0,0
195,190,0,0
195,191,0,0
195,192,0,0
195,193,0,0
195,194,0,0
195,195,0,0
195,196,0,0
195,197,0,0
195,198,0,0
195,199,36,36
195,200,0,0
195,201,266000,70
195,202,30000,13
195,203,0,0
195,204,18000,2
195,205,0,0
195,206,0,0
195,207,0,0
195,208,17000,27
195,209,0,0
