1,171,0,0
1,172,0,0
1,173,0,0
1,174,0,0
1,175,0,0
1,176,0,0
1,177,0,0
1,178,0,0
1,179,0,0
1,180,0,0
1,181,0,0
1,182,0,0
1,183,0,0
1,184,0,0
1,185,0,0
1,186,0,0
1,187,0,0
1,188,0,0
1,189,0,0
1,190,61,61
1,191,102,102
1,192,30,30
1,193,0,0
1,194,76,76
1,195,0,0
1,196,0,0
1,197,0,0
1,198,14,14
1,199,45,45
1,200,0,0
1,201,0,0
1,202,22,22
1,203,0,0
1,204,0,0
1,205,0,0
1,206,122,122
1,207,26,26
1,208,0,0
1,209,0,0
3,171,0,0
3,172,0,0
3,173,0,0
3,174,0,0
3,175,0,0
3,176,0,0
3,177,0,0
3,178,0,0
3,179,0,0
3,180,0,0
3,181,0,0
3,182,0,0
3,183,0,0
3,184,0,0
3,185,0,0
3,186,0,0
3,187,0,0
3,188,0,0
3,189,0,0
3,190,0,0
3,191,0,0
3,192,0,0
3,193,0,0
3,194,0,0
3,195,0,0
3,196,0,0
3,197,0,0
3,198,0,0
3,199,0,0
3,200,0,0
3,201,0,0
3,202,0,0
3,203,0,0
3,204,149,119
3,205,0,0
3,206,0,0
3,207,0,0
3,208,0,0
3,209,0,0
5,171,0,0
5,172,0,0
5,173,0,0
5,174,0,0
5,175,0,0
5,176,0,0
5,177,0,0
5,178,0,0
5,179,0,0
5,180,0,0
5,181,0,0
5,182,0,0
5,183,0,0
5,184,126,126
5,185,0,0
5,186,0,0
5,187,0,0
5,188,0,0
5,189,26,26
5,190,0,0
5,191,25,25
5,192,58,58
5,193,0,0
5,194,0,0
5,195,0,0
5,196,193,185
5,197,0,0
5,198,0,0
5,199,14,14
5,200,28,28
5,201,150,135
5,202,56,56
5,203,85,50
5,204,0,0
5,205,0,0
5,206,0,0
5,207,30,18
5,208,0,0
5,209,25,25
7,171,0,0
7,172,0,0
7,173,0,0
7,174,0,0
7,175,0,0
7,176,0,0
7,177,0,0
7,178,0,0
7,179,0,0
7,180,0,0
7,181,0,0
7,182,0,0
7,183,0,0
7,184,0,0
7,185,0,0
7,186,0,0
7,187,0,0
7,188,0,0
7,189,22,22
7,190,0,0
7,191,0,0
7,192,0,0
7,193,0,0
7,194,0,0
7,195,0,0
7,196,53,53
7,197,0,0
7,198,0,0
7,199,0,0
7,200,115,71
7,201,11,11
7,202,10,10
7,203,0,0
7,204,0,0
7,205,0,0
7,206,10,10
7,207,0,0
7,208,0,0
7,209,0,0
8,171,0,0
8,172,0,0
8,173,0,0
8,174,0,0
8,175,0,0
8,176,0,0
8,177,0,0
8,178,0,0
8,179,0,0
8,180,0,0
8,181,0,0
8,182,0,0
8,183,0,0
8,184,0,0
8,185,0,0
8,186,0,0
8,187,0,0
8,188,0,0
8,189,0,0
8,190,0,0
8,191,0,0
8,192,0,0
8,193,0,0
8,194,35,35
8,195,0,0
8,196,0,0
8,197,0,0
8,198,0,0
8,199,0,0
8,200,0,0
8,201,0,0
8,202,0,0
8,203,0,0
8,204,0,0
8,205,0,0
8,206,0,0
8,207,0,0
8,208,0,0
8,209,0,0
9,171,0,0
9,172,0,0
9,173,0,0
9,174,0,0
9,175,0,0
9,176,0,0
9,177,0,0
9,178,0,0
9,179,0,0
9,180,0,0
9,181,0,0
9,182,0,0
9,183,0,0
9,184,0,0
9,185,0,0
9,186,0,0
9,187,0,0
9,188,0,0
9,189,0,0
9,190,13,13
9,191,10,10
9,192,0,0
9,193,0,0
9,194,0,0
9,195,0,0
9,196,0,0
9,197,78,18
9,198,0,0
9,199,0,0
9,200,0,0
9,201,0,0
9,202,0,0
9,203,0,0
9,204,0,0
9,205,0,0
9,206,15,15
9,207,0,0
9,208,0,0
9,209,0,0
10,171,0,0
10,172,0,0
10,173,0,0
10,174,0,0
10,175,0,0
10,176,0,0
10,177,0,0
10,178,0,0
10,179,0,0
10,180,0,0
10,181,0,0
10,182,0,0
10,183,0,0
10,184,0,0
10,185,0,0
10,186,0,0
10,187,0,0
10,188,0,0
10,189,0,0
10,190,11,11
10,191,0,0
10,192,0,0
10,193,0,0
10,194,0,0
10,195,0,0
10,196,0,0
10,197,0,0
10,198,0,0
10,199,0,0
10,200,0,0
10,201,0,0
10,202,0,0
10,203,0,0
10,204,0,0
10,205,0,0
10,206,0,0
10,207,0,0
10,208,0,0
10,209,0,0
11,171,0,0
11,172,0,0
11,173,0,0
11,174,0,0
11,175,0,0
11,176,0,0
11,177,0,0
11,178,0,0
11,179,0,0
11,180,0,0
11,181,0,0
11,182,0,0
11,183,0,0
11,184,0,0
11,185,0,0
11,186,0,0
11,187,0,0
11,188,0,0
11,189,0,0
11,190,0,0
11,191,0,0
11,192,0,0
11,193,29,29
11,194,0,0
11,195,32,32
11,196,82,49
11,197,0,0
11,198,20,20
11,199,0,0
11,200,0,0
11,201,0,0
11,202,0,0
11,203,0,0
11,204,0,0
11,205,0,0
11,206,23,23
11,207,0,0
11,208,0,0
11,209,0,0
13,171,0,0
13,172,0,0
13,173,0,0
13,174,0,0
13,175,0,0
13,176,0,0
13,177,0,0
13,178,0,0
13,179,0,0
13,180,0,0
13,181,0,0
13,182,0,0
13,183,0,0
13,184,0,0
13,185,0,0
13,186,0,0
13,187,0,0
13,188,0,0
13,189,0,0
13,190,0,0
13,191,0,0
13,192,0,0
13,193,0,0
13,194,0,0
13,195,0,0
13,196,0,0
13,197,0,0
13,198,0,0
13,199,0,0
13,200,0,0
13,201,143,143
13,202,0,0
13,203,0,0
13,204,0,0
13,205,0,0
13,206,0,0
13,207,0,0
13,208,0,0
13,209,0,0
17,171,0,0
17,172,61,61
17,173,0,0
17,174,0,0
17,175,0,0
17,176,0,0
17,177,0,0
17,178,0,0
17,179,0,0
17,180,0,0
17,181,0,0
17,182,0,0
17,183,0,0
17,184,0,0
17,185,0,0
17,186,0,0
17,187,0,0
17,188,0,0
17,189,0,0
17,190,0,0
17,191,0,0
17,192,0,0
17,193,0,0
17,194,0,0
17,195,0,0
17,196,0,0
17,197,0,0
17,198,66,11
17,199,0,0
17,200,0,0
17,201,0,0
17,202,0,0
17,203,0,0
17,204,0,0
17,205,0,0
17,206,0,0
17,207,0,0
17,208,0,0
17,209,0,0
19,171,0,0
19,172,0,0
19,173,0,0
19,174,0,0
19,175,0,0
19,176,0,0
19,177,0,0
19,178,0,0
19,179,0,0
19,180,0,0
19,181,0,0
19,182,0,0
19,183,0,0
19,184,0,0
19,185,0,0
19,186,0,0
19,187,0,0
19,188,0,0
19,189,0,0
19,190,0,0
19,191,0,0
19,192,0,0
19,193,0,0
19,194,0,0
19,195,0,0
19,196,0,0
19,197,0,0
19,198,0,0
19,199,0,0
19,200,0,0
19,201,0,0
19,202,0,0
19,203,0,0
19,204,161,139
19,205,0,0
19,206,0,0
19,207,0,0
19,208,0,0
19,209,0,0
21,171,0,0
21,172,0,0
21,173,0,0
21,174,0,0
21,175,0,0
21,176,0,0
21,177,222,112
21,178,0,0
21,179,0,0
21,180,0,0
21,181,0,0
21,182,0,0
21,183,0,0
21,184,0,0
21,185,0,0
21,186,29,29
21,187,0,0
21,188,0,0
21,189,0,0
21,190,23,23
21,191,0,0
21,192,0,0
21,193,0,0
21,194,0,0
21,195,0,0
21,196,0,0
21,197,0,0
21,198,0,0
21,199,0,0
21,200,0,0
21,201,0,0
21,202,0,0
21,203,0,0
21,204,0,0
21,205,0,0
21,206,0,0
21,207,0,0
21,208,0,0
21,209,0,0
22,171,0,0
22,172,0,0
22,173,0,0
22,174,0,0
22,175,0,0
22,176,0,0
22,177,0,0
22,178,0,0
22,179,0,0
22,180,0,0
22,181,0,0
22,182,0,0
22,183,0,0
22,184,0,0
22,185,0,0
22,186,0,0
22,187,0,0
22,188,0,0
22,189,0,0
22,190,0,0
22,191,0,0
22,192,0,0
22,193,0,0
22,194,0,0
22,195,0,0
22,196,0,0
22,197,0,0
22,198,12,12
22,199,0,0
22,200,0,0
22,201,0,0
22,202,0,0
22,203,0,0
22,204,0,0
22,205,0,0
22,206,0,0
22,207,0,0
22,208,0,0
22,209,11,11
24,171,0,0
24,172,0,0
24,173,0,0
24,174,0,0
24,175,0,0
24,176,0,0
24,177,0,0
24,178,0,0
24,179,0,0
24,180,0,0
24,181,0,0
24,182,0,0
24,183,137,137
24,184,0,0
24,185,0,0
24,186,0,0
24,187,0,0
24,188,29,29
24,189,0,0
24,190,275,34
24,191,23,23
24,192,32,32
24,193,0,0
24,194,0,0
24,195,21,21
24,196,0,0
24,197,111,98
24,198,0,0
24,199,0,0
24,200,0,0
24,201,0,0
24,202,0,0
24,203,31,23
24,204,41,21
24,205,33,33
24,206,0,0
24,207,174,174
24,208,216,199
24,209,0,0
26,171,0,0
26,172,0,0
26,173,0,0
26,174,0,0
26,175,0,0
26,176,0,0
26,177,0,0
26,178,0,0
26,179,0,0
26,180,0,0
26,181,0,0
26,182,0,0
26,183,0,0
26,184,0,0
26,185,50,50
26,186,0,0
26,187,0,0
26,188,0,0
26,189,25,25
26,190,0,0
26,191,0,0
26,192,0,0
26,193,0,0
26,194,0,0
26,195,0,0
26,196,0,0
26,197,0,0
26,198,0,0
26,199,0,0
26,200,0,0
26,201,0,0
26,202,0,0
26,203,0,0
26,204,0,0
26,205,0,0
26,206,0,0
26,207,0,0
26,208,0,0
26,209,0,0
29,171,0,0
29,172,0,0
29,173,0,0
29,174,0,0
29,175,0,0
29,176,0,0
29,177,0,0
29,178,0,0
29,179,0,0
29,180,0,0
29,181,0,0
29,182,0,0
29,183,0,0
29,184,0,0
29,185,0,0
29,186,0,0
29,187,0,0
29,188,0,0
29,189,0,0
29,190,0,0
29,191,0,0
29,192,0,0
29,193,0,0
29,194,0,0
29,195,0,0
29,196,0,0
29,197,24,24
29,198,64,64
29,199,0,0
29,200,0,0
29,201,0,0
29,202,0,0
29,203,0,0
29,204,0,0
29,205,0,0
29,206,0,0
29,207,0,0
29,208,22,22
29,209,0,0
30,171,0,0
30,172,0,0
30,173,0,0
30,174,0,0
30,175,0,0
30,176,0,0
30,177,0,0
30,178,0,0
30,179,0,0
30,180,0,0
30,181,0,0
30,182,0,0
30,183,0,0
30,184,0,0
30,185,0,0
30,186,0,0
30,187,0,0
30,188,0,0
30,189,0,0
30,190,0,0
30,191,0,0
30,192,0,0
30,193,0,0
30,194,0,0
30,195,0,0
30,196,78,74
30,197,0,0
30,198,0,0
30,199,0,0
30,200,0,0
30,201,0,0
30,202,0,0
30,203,0,0
30,204,0,0
30,205,0,0
30,206,0,0
30,207,0,0
30,208,0,0
30,209,0,0
31,171,109,109
31,172,0,0
31,173,0,0
31,174,0,0
31,175,32,32
31,176,0,0
31,177,0,0
31,178,0,0
31,179,47,43
31,180,24,17
31,181,0,0
31,182,0,0
31,183,0,0
31,184,0,0
31,185,0,0
31,186,256,256
31,187,0,0
31,188,0,0
31,189,0,0
31,190,69,24
31,191,0,0
31,192,0,0
31,193,0,0
31,194,0,0
31,195,0,0
31,196,0,0
31,197,0,0
31,198,0,0
31,199,241,241
31,200,0,0
31,201,0,0
31,202,0,0
31,203,0,0
31,204,0,0
31,205,10,10
31,206,0,0
31,207,0,0
31,208,0,0
31,209,0,0
32,171,0,0
32,172,0,0
32,173,0,0
32,174,0,0
32,175,0,0
32,176,0,0
32,177,0,0
32,178,0,0
32,179,0,0
32,180,0,0
32,181,0,0
32,182,0,0
32,183,0,0
32,184,0,0
32,185,0,0
32,186,0,0
32,187,0,0
32,188,0,0
32,189,0,0
32,190,0,0
32,191,0,0
32,192,0,0
32,193,0,0
32,194,0,0
32,195,0,0
32,196,0,0
32,197,0,0
32,198,0,0
32,199,0,0
32,200,18,18
32,201,0,0
32,202,0,0
32,203,0,0
32,204,0,0
32,205,0,0
32,206,0,0
32,207,0,0
32,208,0,0
32,209,0,0
33,171,0,0
33,172,0,0
33,173,0,0
33,174,0,0
33,175,0,0
33,176,0,0
33,177,0,0
33,178,0,0
33,179,0,0
33,180,0,0
33,181,0,0
33,182,0,0
33,183,0,0
33,184,0,0
33,185,0,0
33,186,0,0
33,187,31,31
33,188,0,0
33,189,0,0
33,190,0,0
33,191,0,0
33,192,0,0
33,193,0,0
33,194,0,0
33,195,0,0
33,196,0,0
33,197,0,0
33,198,0,0
33,199,0,0
33,200,0,0
33,201,0,0
33,202,0,0
33,203,25,23
33,204,0,0
33,205,0,0
33,206,0,0
33,207,0,0
33,208,0,0
33,209,0,0
35,171,0,0
35,172,0,0
35,173,0,0
35,174,0,0
35,175,0,0
35,176,0,0
35,177,0,0
35,178,0,0
35,179,0,0
35,180,0,0
35,181,0,0
35,182,0,0
35,183,0,0
35,184,0,0
35,185,0,0
35,186,0,0
35,187,0,0
35,188,0,0
35,189,0,0
35,190,0,0
35,191,0,0
35,192,20,20
35,193,0,0
35,194,0,0
35,195,0,0
35,196,0,0
35,197,0,0
35,198,0,0
35,199,0,0
35,200,0,0
35,201,0,0
35,202,0,0
35,203,0,0
35,204,0,0
35,205,0,0
35,206,0,0
35,207,0,0
35,208,0,0
35,209,15,10
36,171,0,0
36,172,0,0
36,173,0,0
36,174,0,0
36,175,0,0
36,176,0,0
36,177,0,0
36,178,0,0
36,179,0,0
36,180,0,0
36,181,0,0
36,182,0,0
36,183,112,112
36,184,10,10
36,185,0,0
36,186,38,38
36,187,0,0
36,188,0,0
36,189,150,150
36,190,34,34
36,191,172,127
36,192,0,0
36,193,300,274
36,194,149,67
36,195,160,160
36,196,0,0
36,197,0,0
36,198,35,35
36,199,0,0
36,200,61,61
36,201,44,44
36,202,0,0
36,203,112,112
36,204,0,0
36,205,55,55
36,206,0,0
36,207,40,40
36,208,0,0
36,209,0,0
37,171,0,0
37,172,0,0
37,173,0,0
37,174,0,0
37,175,0,0
37,176,0,0
37,177,0,0
37,178,0,0
37,179,0,0
37,180,0,0
37,181,0,0
37,182,0,0
37,183,0,0
37,184,16,16
37,185,0,0
37,186,39,39
37,187,0,0
37,188,0,0
37,189,137,137
37,190,110,110
37,191,72,72
37,192,14,10
37,193,0,0
37,194,132,132
37,195,0,0
37,196,235,232
37,197,14,14
37,198,0,0
37,199,53,53
37,200,0,0
37,201,20,13
37,202,16,16
37,203,92,92
37,204,0,0
37,205,0,0
37,206,20,20
37,207,0,0
37,208,0,0
37,209,0,0
38,171,0,0
38,172,0,0
38,173,0,0
38,174,0,0
38,175,0,0
38,176,0,0
38,177,0,0
38,178,0,0
38,179,0,0
38,180,0,0
38,181,0,0
38,182,0,0
38,183,0,0
38,184,0,0
38,185,0,0
38,186,0,0
38,187,0,0
38,188,0,0
38,189,0,0
38,190,0,0
38,191,0,0
38,192,0,0
38,193,0,0
38,194,0,0
38,195,0,0
38,196,0,0
38,197,127,127
38,198,0,0
38,199,0,0
38,200,0,0
38,201,0,0
38,202,0,0
38,203,0,0
38,204,0,0
38,205,0,0
38,206,0,0
38,207,0,0
38,208,0,0
38,209,0,0
39,171,0,0
39,172,0,0
39,173,0,0
39,174,0,0
39,175,0,0
39,176,0,0
39,177,0,0
39,178,0,0
39,179,0,0
39,180,0,0
39,181,0,0
39,182,0,0
39,183,0,0
39,184,0,0
39,185,0,0
39,186,0,0
39,187,0,0
39,188,0,0
39,189,0,0
39,190,0,0
39,191,23,23
39,192,0,0
39,193,37,37
39,194,0,0
39,195,0,0
39,196,0,0
39,197,902,432
39,198,46,46
39,199,0,0
39,200,0,0
39,201,47,47
39,202,0,0
39,203,0,0
39,204,193,173
39,205,0,0
39,206,49,48
39,207,17,17
39,208,95,63
39,209,199,53
40,171,0,0
40,172,0,0
40,173,0,0
40,174,0,0
40,175,0,0
40,176,0,0
40,177,0,0
40,178,0,0
40,179,0,0
40,180,0,0
40,181,0,0
40,182,0,0
40,183,0,0
40,184,0,0
40,185,0,0
40,186,0,0
40,187,0,0
40,188,0,0
40,189,0,0
40,190,0,0
40,191,23,23
40,192,0,0
40,193,0,0
40,194,0,0
40,195,0,0
40,196,0,0
40,197,0,0
40,198,0,0
40,199,0,0
40,200,0,0
40,201,0,0
40,202,0,0
40,203,0,0
40,204,0,0
40,205,0,0
40,206,12,12
40,207,0,0
40,208,0,0
40,209,0,0
41,171,0,0
41,172,0,0
41,173,0,0
41,174,0,0
41,175,0,0
41,176,0,0
41,177,0,0
41,178,0,0
41,179,0,0
41,180,0,0
41,181,0,0
41,182,0,0
41,183,0,0
41,184,0,0
41,185,0,0
41,186,0,0
41,187,0,0
41,188,0,0
41,189,0,0
41,190,0,0
41,191,23,23
41,192,0,0
41,193,0,0
41,194,0,0
41,195,0,0
41,196,0,0
41,197,0,0
41,198,0,0
41,199,0,0
41,200,0,0
41,201,10,10
41,202,0,0
41,203,0,0
41,204,0,0
41,205,0,0
41,206,0,0
41,207,0,0
41,208,0,0
41,209,0,0
42,171,0,0
42,172,0,0
42,173,0,0
42,174,0,0
42,175,0,0
42,176,0,0
42,177,0,0
42,178,0,0
42,179,0,0
42,180,0,0
42,181,0,0
42,182,0,0
42,183,0,0
42,184,0,0
42,185,0,0
42,186,0,0
42,187,0,0
42,188,51,51
42,189,0,0
42,190,0,0
42,191,0,0
42,192,0,0
42,193,0,0
42,194,0,0
42,195,16,16
42,196,0,0
42,197,0,0
42,198,0,0
42,199,0,0
42,200,0,0
42,201,179,169
42,202,0,0
42,203,0,0
42,204,0,0
42,205,0,0
42,206,0,0
42,207,0,0
42,208,0,0
42,209,0,0
43,171,0,0
43,172,0,0
43,173,0,0
43,174,0,0
43,175,0,0
43,176,0,0
43,177,0,0
43,178,0,0
43,179,0,0
43,180,0,0
43,181,0,0
43,182,0,0
43,183,0,0
43,184,0,0
43,185,0,0
43,186,0,0
43,187,0,0
43,188,0,0
43,189,0,0
43,190,0,0
43,191,0,0
43,192,0,0
43,193,0,0
43,194,0,0
43,195,0,0
43,196,0,0
43,197,35,35
43,198,0,0
43,199,0,0
43,200,0,0
43,201,0,0
43,202,0,0
43,203,0,0
43,204,0,0
43,205,0,0
43,206,0,0
43,207,0,0
43,208,0,0
43,209,0,0
44,171,0,0
44,172,0,0
44,173,0,0
44,174,0,0
44,175,0,0
44,176,0,0
44,177,0,0
44,178,0,0
44,179,0,0
44,180,0,0
44,181,0,0
44,182,0,0
44,183,0,0
44,184,0,0
44,185,0,0
44,186,0,0
44,187,0,0
44,188,0,0
44,189,0,0
44,190,233,170
44,191,0,0
44,192,0,0
44,193,0,0
44,194,0,0
44,195,0,0
44,196,0,0
44,197,0,0
44,198,44,44
44,199,0,0
44,200,0,0
44,201,0,0
44,202,0,0
44,203,16,16
44,204,0,0
44,205,0,0
44,206,0,0
44,207,0,0
44,208,0,0
44,209,0,0
47,171,0,0
47,172,0,0
47,173,0,0
47,174,0,0
47,175,0,0
47,176,0,0
47,177,0,0
47,178,0,0
47,179,0,0
47,180,0,0
47,181,0,0
47,182,0,0
47,183,0,0
47,184,0,0
47,185,0,0
47,186,0,0
47,187,0,0
47,188,0,0
47,189,0,0
47,190,55,55
47,191,0,0
47,192,0,0
47,193,0,0
47,194,0,0
47,195,0,0
47,196,0,0
47,197,0,0
47,198,0,0
47,199,0,0
47,200,0,0
47,201,0,0
47,202,0,0
47,203,0,0
47,204,0,0
47,205,0,0
47,206,0,0
47,207,0,0
47,208,0,0
47,209,0,0
49,171,0,0
49,172,0,0
49,173,0,0
49,174,0,0
49,175,0,0
49,176,0,0
49,177,0,0
49,178,0,0
49,179,0,0
49,180,0,0
49,181,0,0
49,182,0,0
49,183,0,0
49,184,0,0
49,185,0,0
49,186,0,0
49,187,0,0
49,188,0,0
49,189,0,0
49,190,0,0
49,191,0,0
49,192,0,0
49,193,0,0
49,194,0,0
49,195,0,0
49,196,0,0
49,197,0,0
49,198,0,0
49,199,11,11
49,200,0,0
49,201,0,0
49,202,0,0
49,203,0,0
49,204,0,0
49,205,0,0
49,206,0,0
49,207,0,0
49,208,0,0
49,209,0,0
50,171,0,0
50,172,0,0
50,173,0,0
50,174,0,0
50,175,0,0
50,176,0,0
50,177,0,0
50,178,0,0
50,179,0,0
50,180,0,0
50,181,0,0
50,182,0,0
50,183,0,0
50,184,0,0
50,185,0,0
50,186,0,0
50,187,0,0
50,188,0,0
50,189,0,0
50,190,0,0
50,191,0,0
50,192,0,0
50,193,34,34
50,194,0,0
50,195,0,0
50,196,0,0
50,197,189,189
50,198,0,0
50,199,0,0
50,200,0,0
50,201,0,0
50,202,0,0
50,203,0,0
50,204,0,0
50,205,0,0
50,206,0,0
50,207,0,0
50,208,0,0
50,209,0,0
51,171,0,0
51,172,0,0
51,173,0,0
51,174,0,0
51,175,0,0
51,176,0,0
51,177,0,0
51,178,0,0
51,179,0,0
51,180,0,0
51,181,0,0
51,182,0,0
51,183,0,0
51,184,119,119
51,185,635,60
51,186,0,0
51,187,0,0
51,188,0,0
51,189,0,0
51,190,0,0
51,191,0,0
51,192,22,22
51,193,0,0
51,194,0,0
51,195,0,0
51,196,0,0
51,197,45,33
51,198,0,0
51,199,111,91
51,200,0,0
51,201,0,0
51,202,0,0
51,203,26,26
51,204,0,0
51,205,0,0
51,206,0,0
51,207,0,0
51,208,0,0
51,209,0,0
52,171,0,0
52,172,0,0
52,173,0,0
52,174,0,0
52,175,0,0
52,176,0,0
52,177,0,0
52,178,0,0
52,179,0,0
52,180,0,0
52,181,0,0
52,182,0,0
52,183,0,0
52,184,0,0
52,185,21,21
52,186,0,0
52,187,23,23
52,188,0,0
52,189,0,0
52,190,0,0
52,191,0,0
52,192,0,0
52,193,0,0
52,194,0,0
52,195,0,0
52,196,0,0
52,197,0,0
52,198,0,0
52,199,0,0
52,200,0,0
52,201,0,0
52,202,0,0
52,203,0,0
52,204,0,0
52,205,148,148
52,206,0,0
52,207,0,0
52,208,0,0
52,209,0,0
53,171,0,0
53,172,0,0
53,173,0,0
53,174,0,0
53,175,0,0
53,176,0,0
53,177,0,0
53,178,0,0
53,179,0,0
53,180,0,0
53,181,0,0
53,182,0,0
53,183,0,0
53,184,0,0
53,185,0,0
53,186,0,0
53,187,37,37
53,188,0,0
53,189,0,0
53,190,0,0
53,191,0,0
53,192,0,0
53,193,0,0
53,194,0,0
53,195,0,0
53,196,65,65
53,197,0,0
53,198,0,0
53,199,0,0
53,200,0,0
53,201,0,0
53,202,0,0
53,203,0,0
53,204,0,0
53,205,0,0
53,206,0,0
53,207,0,0
53,208,0,0
53,209,0,0
54,171,0,0
54,172,0,0
54,173,0,0
54,174,0,0
54,175,0,0
54,176,0,0
54,177,0,0
54,178,0,0
54,179,0,0
54,180,0,0
54,181,0,0
54,182,0,0
54,183,0,0
54,184,0,0
54,185,0,0
54,186,0,0
54,187,0,0
54,188,15,15
54,189,0,0
54,190,0,0
54,191,0,0
54,192,0,0
54,193,0,0
54,194,0,0
54,195,0,0
54,196,0,0
54,197,0,0
54,198,0,0
54,199,0,0
54,200,0,0
54,201,0,0
54,202,0,0
54,203,0,0
54,204,0,0
54,205,0,0
54,206,80,80
54,207,0,0
54,208,0,0
54,209,13,13
57,171,0,0
57,172,0,0
57,173,0,0
57,174,0,0
57,175,0,0
57,176,0,0
57,177,0,0
57,178,0,0
57,179,0,0
57,180,0,0
57,181,0,0
57,182,0,0
57,183,0,0
57,184,0,0
57,185,0,0
57,186,0,0
57,187,0,0
57,188,54,54
57,189,31,31
57,190,0,0
57,191,0,0
57,192,0,0
57,193,0,0
57,194,0,0
57,195,0,0
57,196,0,0
57,197,99,9
57,198,0,0
57,199,0,0
57,200,0,0
57,201,0,0
57,202,0,0
57,203,0,0
57,204,0,0
57,205,0,0
57,206,0,0
57,207,0,0
57,208,0,0
57,209,0,0
58,171,0,0
58,172,0,0
58,173,0,0
58,174,0,0
58,175,0,0
58,176,0,0
58,177,0,0
58,178,0,0
58,179,0,0
58,180,0,0
58,181,0,0
58,182,0,0
58,183,0,0
58,184,0,0
58,185,0,0
58,186,0,0
58,187,0,0
58,188,0,0
58,189,0,0
58,190,0,0
58,191,0,0
58,192,0,0
58,193,0,0
58,194,0,0
58,195,0,0
58,196,0,0
58,197,0,0
58,198,0,0
58,199,0,0
58,200,17,17
58,201,0,0
58,202,0,0
58,203,0,0
58,204,0,0
58,205,0,0
58,206,0,0
58,207,0,0
58,208,0,0
58,209,0,0
60,171,0,0
60,172,0,0
60,173,60,60
60,174,191,191
60,175,346,346
60,176,0,0
60,177,0,0
60,178,0,0
60,179,0,0
60,180,0,0
60,181,0,0
60,182,180,180
60,183,0,0
60,184,0,0
60,185,0,0
60,186,0,0
60,187,0,0
60,188,16,16
60,189,23,23
60,190,22,22
60,191,0,0
60,192,10,10
60,193,87,87
60,194,0,0
60,195,0,0
60,196,10,10
60,197,0,0
60,198,0,0
60,199,23,23
60,200,0,0
60,201,126,114
60,202,0,0
60,203,0,0
60,204,0,0
60,205,0,0
60,206,0,0
60,207,0,0
60,208,0,0
60,209,0,0
61,171,0,0
61,172,0,0
61,173,0,0
61,174,0,0
61,175,0,0
61,176,0,0
61,177,0,0
61,178,0,0
61,179,0,0
61,180,0,0
61,181,0,0
61,182,0,0
61,183,0,0
61,184,0,0
61,185,0,0
61,186,0,0
61,187,0,0
61,188,0,0
61,189,0,0
61,190,0,0
61,191,0,0
61,192,0,0
61,193,0,0
61,194,30,30
61,195,0,0
61,196,0,0
61,197,0,0
61,198,0,0
61,199,0,0
61,200,0,0
61,201,0,0
61,202,0,0
61,203,0,0
61,204,0,0
61,205,30,19
61,206,0,0
61,207,0,0
61,208,0,0
61,209,0,0
63,171,0,0
63,172,0,0
63,173,0,0
63,174,0,0
63,175,0,0
63,176,0,0
63,177,0,0
63,178,0,0
63,179,0,0
63,180,0,0
63,181,0,0
63,182,0,0
63,183,0,0
63,184,0,0
63,185,0,0
63,186,0,0
63,187,0,0
63,188,0,0
63,189,0,0
63,190,0,0
63,191,0,0
63,192,0,0
63,193,28,28
63,194,41,41
63,195,0,0
63,196,0,0
63,197,0,0
63,198,0,0
63,199,0,0
63,200,0,0
63,201,82,82
63,202,0,0
63,203,0,0
63,204,0,0
63,205,0,0
63,206,0,0
63,207,0,0
63,208,0,0
63,209,0,0
64,171,0,0
64,172,0,0
64,173,0,0
64,174,0,0
64,175,0,0
64,176,0,0
64,177,0,0
64,178,0,0
64,179,0,0
64,180,0,0
64,181,0,0
64,182,0,0
64,183,0,0
64,184,0,0
64,185,0,0
64,186,0,0
64,187,0,0
64,188,0,0
64,189,0,0
64,190,0,0
64,191,0,0
64,192,32,28
64,193,0,0
64,194,0,0
64,195,0,0
64,196,0,0
64,197,23,23
64,198,0,0
64,199,0,0
64,200,0,0
64,201,0,0
64,202,0,0
64,203,71,71
64,204,0,0
64,205,0,0
64,206,0,0
64,207,0,0
64,208,0,0
64,209,0,0
66,171,0,0
66,172,0,0
66,173,0,0
66,174,0,0
66,175,0,0
66,176,0,0
66,177,0,0
66,178,0,0
66,179,0,0
66,180,0,0
66,181,0,0
66,182,0,0
66,183,0,0
66,184,0,0
66,185,0,0
66,186,0,0
66,187,0,0
66,188,0,0
66,189,0,0
66,190,34,34
66,191,0,0
66,192,66,66
66,193,0,0
66,194,0,0
66,195,10,10
66,196,0,0
66,197,0,0
66,198,75,75
66,199,0,0
66,200,0,0
66,201,0,0
66,202,0,0
66,203,0,0
66,204,0,0
66,205,17,17
66,206,121,121
66,207,0,0
66,208,0,0
66,209,0,0
68,171,0,0
68,172,0,0
68,173,0,0
68,174,0,0
68,175,0,0
68,176,0,0
68,177,0,0
68,178,0,0
68,179,0,0
68,180,0,0
68,181,0,0
68,182,0,0
68,183,0,0
68,184,0,0
68,185,0,0
68,186,0,0
68,187,94,94
68,188,0,0
68,189,0,0
68,190,0,0
68,191,23,23
68,192,0,0
68,193,0,0
68,194,0,0
68,195,0,0
68,196,0,0
68,197,16,16
68,198,0,0
68,199,0,0
68,200,67,23
68,201,0,0
68,202,0,0
68,203,0,0
68,204,0,0
68,205,0,0
68,206,0,0
68,207,0,0
68,208,0,0
68,209,0,0
72,171,0,0
72,172,0,0
72,173,0,0
72,174,0,0
72,175,0,0
72,176,0,0
72,177,0,0
72,178,0,0
72,179,0,0
72,180,0,0
72,181,0,0
72,182,0,0
72,183,0,0
72,184,0,0
72,185,0,0
72,186,0,0
72,187,0,0
72,188,0,0
72,189,0,0
72,190,0,0
72,191,0,0
72,192,0,0
72,193,0,0
72,194,0,0
72,195,0,0
72,196,0,0
72,197,15,11
72,198,0,0
72,199,0,0
72,200,13,13
72,201,0,0
72,202,0,0
72,203,0,0
72,204,21,21
72,205,0,0
72,206,0,0
72,207,0,0
72,208,0,0
72,209,0,0
74,171,0,0
74,172,0,0
74,173,0,0
74,174,0,0
74,175,0,0
74,176,0,0
74,177,0,0
74,178,0,0
74,179,0,0
74,180,0,0
74,181,0,0
74,182,0,0
74,183,0,0
74,184,0,0
74,185,0,0
74,186,21,21
74,187,50,50
74,188,0,0
74,189,0,0
74,190,141,141
74,191,0,0
74,192,0,0
74,193,0,0
74,194,0,0
74,195,0,0
74,196,0,0
74,197,0,0
74,198,0,0
74,199,0,0
74,200,0,0
74,201,0,0
74,202,0,0
74,203,0,0
74,204,0,0
74,205,0,0
74,206,0,0
74,207,0,0
74,208,0,0
74,209,0,0
75,171,0,0
75,172,0,0
75,173,0,0
75,174,0,0
75,175,0,0
75,176,0,0
75,177,0,0
75,178,0,0
75,179,0,0
75,180,0,0
75,181,0,0
75,182,0,0
75,183,0,0
75,184,0,0
75,185,0,0
75,186,0,0
75,187,0,0
75,188,0,0
75,189,0,0
75,190,0,0
75,191,0,0
75,192,0,0
75,193,0,0
75,194,0,0
75,195,0,0
75,196,0,0
75,197,0,0
75,198,0,0
75,199,0,0
75,200,0,0
75,201,0,0
75,202,0,0
75,203,0,0
75,204,0,0
75,205,0,0
75,206,0,0
75,207,42,42
75,208,0,0
75,209,0,0
77,171,0,0
77,172,0,0
77,173,0,0
77,174,0,0
77,175,0,0
77,176,0,0
77,177,0,0
77,178,0,0
77,179,213,213
77,180,0,0
77,181,0,0
77,182,0,0
77,183,0,0
77,184,0,0
77,185,0,0
77,186,0,0
77,187,0,0
77,188,0,0
77,189,164,164
77,190,11,11
77,191,147,147
77,192,97,97
77,193,0,0
77,194,118,56
77,195,13,13
77,196,0,0
77,197,373,373
77,198,0,0
77,199,0,0
77,200,23,23
77,201,63,56
77,202,0,0
77,203,30,15
77,204,31,27
77,205,0,0
77,206,0,0
77,207,0,0
77,208,0,0
77,209,0,0
78,171,0,0
78,172,0,0
78,173,0,0
78,174,0,0
78,175,0,0
78,176,0,0
78,177,0,0
78,178,0,0
78,179,0,0
78,180,0,0
78,181,0,0
78,182,0,0
78,183,0,0
78,184,0,0
78,185,0,0
78,186,0,0
78,187,0,0
78,188,25,25
78,189,0,0
78,190,22,22
78,191,0,0
78,192,146,146
78,193,101,101
78,194,103,74
78,195,22,22
78,196,0,0
78,197,32,32
78,198,436,379
78,199,11,11
78,200,0,0
78,201,0,0
78,202,0,0
78,203,10,9
78,204,0,0
78,205,95,39
78,206,182,165
78,207,12,12
78,208,174,124
78,209,0,0
79,171,0,0
79,172,0,0
79,173,0,0
79,174,0,0
79,175,0,0
79,176,0,0
79,177,0,0
79,178,0,0
79,179,0,0
79,180,0,0
79,181,128,128
79,182,0,0
79,183,0,0
79,184,0,0
79,185,0,0
79,186,0,0
79,187,103,103
79,188,0,0
79,189,290,290
79,190,0,0
79,191,0,0
79,192,0,0
79,193,39,39
79,194,134,134
79,195,198,198
79,196,0,0
79,197,0,0
79,198,88,88
79,199,0,0
79,200,0,0
79,201,10,10
79,202,42,42
79,203,162,162
79,204,275,275
79,205,0,0
79,206,206,116
79,207,121,78
79,208,0,0
79,209,0,0
80,171,0,0
80,172,0,0
80,173,0,0
80,174,0,0
80,175,0,0
80,176,0,0
80,177,0,0
80,178,0,0
80,179,0,0
80,180,0,0
80,181,0,0
80,182,0,0
80,183,0,0
80,184,0,0
80,185,0,0
80,186,0,0
80,187,0,0
80,188,0,0
80,189,0,0
80,190,0,0
80,191,0,0
80,192,0,0
80,193,0,0
80,194,0,0
80,195,0,0
80,196,0,0
80,197,0,0
80,198,0,0
80,199,0,0
80,200,0,0
80,201,0,0
80,202,0,0
80,203,0,0
80,204,0,0
80,205,0,0
80,206,0,0
80,207,12,12
80,208,47,46
80,209,0,0
81,171,0,0
81,172,0,0
81,173,0,0
81,174,0,0
81,175,0,0
81,176,0,0
81,177,0,0
81,178,0,0
81,179,0,0
81,180,0,0
81,181,0,0
81,182,0,0
81,183,0,0
81,184,0,0
81,185,0,0
81,186,329,329
81,187,0,0
81,188,0,0
81,189,0,0
81,190,0,0
81,191,0,0
81,192,0,0
81,193,0,0
81,194,0,0
81,195,29,29
81,196,0,0
81,197,0,0
81,198,0,0
81,199,0,0
81,200,0,0
81,201,0,0
81,202,0,0
81,203,0,0
81,204,0,0
81,205,0,0
81,206,0,0
81,207,0,0
81,208,0,0
81,209,0,0
82,171,0,0
82,172,0,0
82,173,0,0
82,174,0,0
82,175,0,0
82,176,0,0
82,177,0,0
82,178,0,0
82,179,0,0
82,180,0,0
82,181,0,0
82,182,0,0
82,183,0,0
82,184,0,0
82,185,0,0
82,186,0,0
82,187,0,0
82,188,0,0
82,189,0,0
82,190,0,0
82,191,0,0
82,192,0,0
82,193,0,0
82,194,0,0
82,195,0,0
82,196,0,0
82,197,0,0
82,198,73,73
82,199,0,0
82,200,0,0
82,201,0,0
82,202,0,0
82,203,0,0
82,204,0,0
82,205,0,0
82,206,0,0
82,207,0,0
82,208,0,0
82,209,0,0
83,171,0,0
83,172,0,0
83,173,0,0
83,174,0,0
83,175,0,0
83,176,0,0
83,177,0,0
83,178,0,0
83,179,0,0
83,180,0,0
83,181,0,0
83,182,0,0
83,183,0,0
83,184,0,0
83,185,0,0
83,186,0,0
83,187,0,0
83,188,37,37
83,189,32,32
83,190,0,0
83,191,282,12
83,192,0,0
83,193,0,0
83,194,0,0
83,195,0,0
83,196,49,49
83,197,0,0
83,198,0,0
83,199,0,0
83,200,0,0
83,201,0,0
83,202,118,118
83,203,0,0
83,204,0,0
83,205,0,0
83,206,39,16
83,207,0,0
83,208,0,0
83,209,0,0
85,171,0,0
85,172,162,162
85,173,0,0
85,174,0,0
85,175,0,0
85,176,0,0
85,177,0,0
85,178,0,0
85,179,0,0
85,180,0,0
85,181,0,0
85,182,0,0
85,183,174,24
85,184,0,0
85,185,0,0
85,186,520,520
85,187,0,0
85,188,0,0
85,189,0,0
85,190,14,14
85,191,0,0
85,192,0,0
85,193,0,0
85,194,0,0
85,195,271,264
85,196,0,0
85,197,111,3
85,198,0,0
85,199,0,0
85,200,0,0
85,201,0,0
85,202,0,0
85,203,0,0
85,204,0,0
85,205,0,0
85,206,0,0
85,207,0,0
85,208,0,0
85,209,0,0
86,171,0,0
86,172,0,0
86,173,0,0
86,174,0,0
86,175,0,0
86,176,0,0
86,177,0,0
86,178,0,0
86,179,0,0
86,180,0,0
86,181,0,0
86,182,0,0
86,183,0,0
86,184,0,0
86,185,0,0
86,186,0,0
86,187,0,0
86,188,0,0
86,189,0,0
86,190,0,0
86,191,0,0
86,192,0,0
86,193,0,0
86,194,0,0
86,195,0,0
86,196,0,0
86,197,0,0
86,198,0,0
86,199,0,0
86,200,0,0
86,201,14,14
86,202,0,0
86,203,0,0
86,204,0,0
86,205,0,0
86,206,0,0
86,207,0,0
86,208,0,0
86,209,0,0
87,171,0,0
87,172,0,0
87,173,0,0
87,174,0,0
87,175,0,0
87,176,0,0
87,177,0,0
87,178,0,0
87,179,0,0
87,180,0,0
87,181,0,0
87,182,0,0
87,183,0,0
87,184,0,0
87,185,0,0
87,186,0,0
87,187,0,0
87,188,0,0
87,189,0,0
87,190,0,0
87,191,0,0
87,192,0,0
87,193,0,0
87,194,0,0
87,195,37,37
87,196,0,0
87,197,0,0
87,198,0,0
87,199,0,0
87,200,0,0
87,201,0,0
87,202,0,0
87,203,0,0
87,204,0,0
87,205,0,0
87,206,0,0
87,207,0,0
87,208,0,0
87,209,0,0
88,171,0,0
88,172,0,0
88,173,0,0
88,174,0,0
88,175,59,59
88,176,0,0
88,177,0,0
88,178,0,0
88,179,0,0
88,180,0,0
88,181,0,0
88,182,0,0
88,183,0,0
88,184,0,0
88,185,0,0
88,186,0,0
88,187,0,0
88,188,0,0
88,189,0,0
88,190,0,0
88,191,10,10
88,192,0,0
88,193,50,50
88,194,0,0
88,195,0,0
88,196,0,0
88,197,0,0
88,198,0,0
88,199,0,0
88,200,0,0
88,201,0,0
88,202,0,0
88,203,0,0
88,204,14,14
88,205,0,0
88,206,0,0
88,207,17,14
88,208,0,0
88,209,0,0
91,171,0,0
91,172,0,0
91,173,0,0
91,174,0,0
91,175,0,0
91,176,0,0
91,177,0,0
91,178,0,0
91,179,0,0
91,180,0,0
91,181,0,0
91,182,0,0
91,183,0,0
91,184,0,0
91,185,0,0
91,186,0,0
91,187,0,0
91,188,0,0
91,189,0,0
91,190,0,0
91,191,0,0
91,192,0,0
91,193,0,0
91,194,0,0
91,195,0,0
91,196,12,12
91,197,0,0
91,198,0,0
91,199,17,17
91,200,0,0
91,201,0,0
91,202,0,0
91,203,0,0
91,204,0,0
91,205,0,0
91,206,0,0
91,207,0,0
91,208,0,0
91,209,90,65
92,171,0,0
92,172,0,0
92,173,0,0
92,174,0,0
92,175,0,0
92,176,0,0
92,177,0,0
92,178,0,0
92,179,0,0
92,180,0,0
92,181,0,0
92,182,0,0
92,183,0,0
92,184,0,0
92,185,0,0
92,186,0,0
92,187,0,0
92,188,0,0
92,189,0,0
92,190,0,0
92,191,0,0
92,192,0,0
92,193,0,0
92,194,0,0
92,195,0,0
92,196,0,0
92,197,0,0
92,198,0,0
92,199,84,84
92,200,0,0
92,201,33,28
92,202,0,0
92,203,0,0
92,204,0,0
92,205,0,0
92,206,0,0
92,207,0,0
92,208,0,0
92,209,0,0
97,171,0,0
97,172,0,0
97,173,0,0
97,174,0,0
97,175,0,0
97,176,0,0
97,177,0,0
97,178,0,0
97,179,0,0
97,180,0,0
97,181,0,0
97,182,0,0
97,183,0,0
97,184,0,0
97,185,0,0
97,186,0,0
97,187,0,0
97,188,0,0
97,189,0,0
97,190,199,78
97,191,0,0
97,192,0,0
97,193,157,157
97,194,0,0
97,195,0,0
97,196,0,0
97,197,0,0
97,198,0,0
97,199,0,0
97,200,0,0
97,201,41,23
97,202,0,0
97,203,0,0
97,204,0,0
97,205,0,0
97,206,0,0
97,207,0,0
97,208,0,0
97,209,0,0
100,171,0,0
100,172,0,0
100,173,0,0
100,174,0,0
100,175,0,0
100,176,0,0
100,177,0,0
100,178,0,0
100,179,0,0
100,180,0,0
100,181,0,0
100,182,0,0
100,183,0,0
100,184,0,0
100,185,0,0
100,186,0,0
100,187,0,0
100,188,0,0
100,189,0,0
100,190,0,0
100,191,0,0
100,192,0,0
100,193,0,0
100,194,0,0
100,195,0,0
100,196,0,0
100,197,0,0
100,198,0,0
100,199,0,0
100,200,0,0
100,201,0,0
100,202,0,0
100,203,20,20
100,204,0,0
100,205,0,0
100,206,0,0
100,207,0,0
100,208,0,0
100,209,0,0
101,171,0,0
101,172,0,0
101,173,0,0
101,174,0,0
101,175,0,0
101,176,0,0
101,177,0,0
101,178,0,0
101,179,0,0
101,180,0,0
101,181,0,0
101,182,0,0
101,183,0,0
101,184,0,0
101,185,0,0
101,186,0,0
101,187,0,0
101,188,0,0
101,189,0,0
101,190,0,0
101,191,0,0
101,192,0,0
101,193,0,0
101,194,213,198
101,195,0,0
101,196,0,0
101,197,0,0
101,198,0,0
101,199,0,0
101,200,0,0
101,201,0,0
101,202,0,0
101,203,0,0
101,204,0,0
101,205,0,0
101,206,0,0
101,207,0,0
101,208,0,0
101,209,0,0
102,171,0,0
102,172,0,0
102,173,0,0
102,174,0,0
102,175,0,0
102,176,0,0
102,177,0,0
102,178,0,0
102,179,0,0
102,180,0,0
102,181,0,0
102,182,0,0
102,183,0,0
102,184,0,0
102,185,0,0
102,186,0,0
102,187,0,0
102,188,0,0
102,189,0,0
102,190,0,0
102,191,0,0
102,192,0,0
102,193,0,0
102,194,0,0
102,195,0,0
102,196,39,34
102,197,0,0
102,198,0,0
102,199,0,0
102,200,0,0
102,201,0,0
102,202,0,0
102,203,0,0
102,204,0,0
102,205,0,0
102,206,0,0
102,207,0,0
102,208,0,0
102,209,0,0
104,171,0,0
104,172,0,0
104,173,0,0
104,174,0,0
104,175,0,0
104,176,0,0
104,177,0,0
104,178,0,0
104,179,0,0
104,180,0,0
104,181,0,0
104,182,0,0
104,183,0,0
104,184,0,0
104,185,0,0
104,186,0,0
104,187,0,0
104,188,0,0
104,189,0,0
104,190,21,21
104,191,0,0
104,192,0,0
104,193,0,0
104,194,0,0
104,195,0,0
104,196,51,32
104,197,0,0
104,198,10,10
104,199,0,0
104,200,0,0
104,201,0,0
104,202,0,0
104,203,0,0
104,204,0,0
104,205,0,0
104,206,0,0
104,207,0,0
104,208,0,0
104,209,0,0
105,171,0,0
105,172,0,0
105,173,0,0
105,174,0,0
105,175,0,0
105,176,0,0
105,177,0,0
105,178,0,0
105,179,0,0
105,180,0,0
105,181,0,0
105,182,0,0
105,183,0,0
105,184,0,0
105,185,0,0
105,186,0,0
105,187,0,0
105,188,0,0
105,189,0,0
105,190,0,0
105,191,0,0
105,192,0,0
105,193,0,0
105,194,0,0
105,195,0,0
105,196,0,0
105,197,0,0
105,198,0,0
105,199,0,0
105,200,10,10
105,201,0,0
105,202,0,0
105,203,0,0
105,204,0,0
105,205,0,0
105,206,0,0
105,207,0,0
105,208,0,0
105,209,0,0
106,171,0,0
106,172,0,0
106,173,0,0
106,174,0,0
106,175,0,0
106,176,0,0
106,177,0,0
106,178,0,0
106,179,0,0
106,180,0,0
106,181,0,0
106,182,0,0
106,183,0,0
106,184,0,0
106,185,0,0
106,186,51,51
106,187,0,0
106,188,0,0
106,189,0,0
106,190,0,0
106,191,0,0
106,192,0,0
106,193,0,0
106,194,0,0
106,195,0,0
106,196,0,0
106,197,0,0
106,198,0,0
106,199,0,0
106,200,0,0
106,201,0,0
106,202,0,0
106,203,0,0
106,204,0,0
106,205,0,0
106,206,0,0
106,207,0,0
106,208,0,0
106,209,0,0
109,171,0,0
109,172,0,0
109,173,0,0
109,174,0,0
109,175,0,0
109,176,0,0
109,177,0,0
109,178,0,0
109,179,0,0
109,180,0,0
109,181,0,0
109,182,0,0
109,183,0,0
109,184,0,0
109,185,0,0
109,186,0,0
109,187,0,0
109,188,0,0
109,189,0,0
109,190,0,0
109,191,0,0
109,192,0,0
109,193,0,0
109,194,0,0
109,195,87,80
109,196,0,0
109,197,0,0
109,198,0,0
109,199,42,39
109,200,0,0
109,201,0,0
109,202,0,0
109,203,0,0
109,204,0,0
109,205,0,0
109,206,0,0
109,207,0,0
109,208,0,0
109,209,0,0
110,171,0,0
110,172,0,0
110,173,0,0
110,174,0,0
110,175,0,0
110,176,0,0
110,177,0,0
110,178,0,0
110,179,0,0
110,180,0,0
110,181,0,0
110,182,0,0
110,183,0,0
110,184,0,0
110,185,0,0
110,186,0,0
110,187,0,0
110,188,159,159
110,189,0,0
110,190,0,0
110,191,0,0
110,192,0,0
110,193,0,0
110,194,0,0
110,195,0,0
110,196,0,0
110,197,0,0
110,198,0,0
110,199,0,0
110,200,0,0
110,201,0,0
110,202,0,0
110,203,0,0
110,204,0,0
110,205,0,0
110,206,0,0
110,207,0,0
110,208,0,0
110,209,0,0
111,171,0,0
111,172,0,0
111,173,0,0
111,174,0,0
111,175,0,0
111,176,0,0
111,177,0,0
111,178,0,0
111,179,0,0
111,180,0,0
111,181,0,0
111,182,0,0
111,183,0,0
111,184,0,0
111,185,0,0
111,186,0,0
111,187,187,187
111,188,40,40
111,189,20,20
111,190,0,0
111,191,20,20
111,192,0,0
111,193,0,0
111,194,0,0
111,195,14,14
111,196,0,0
111,197,16,16
111,198,0,0
111,199,16,16
111,200,18,18
111,201,19,19
111,202,19,19
111,203,0,0
111,204,0,0
111,205,0,0
111,206,0,0
111,207,0,0
111,208,0,0
111,209,33,26
115,171,0,0
115,172,0,0
115,173,0,0
115,174,0,0
115,175,0,0
115,176,0,0
115,177,0,0
115,178,0,0
115,179,0,0
115,180,0,0
115,181,0,0
115,182,0,0
115,183,0,0
115,184,0,0
115,185,0,0
115,186,0,0
115,187,0,0
115,188,0,0
115,189,0,0
115,190,0,0
115,191,30,30
115,192,0,0
115,193,0,0
115,194,40,40
115,195,0,0
115,196,41,41
115,197,0,0
115,198,0,0
115,199,28,28
115,200,0,0
115,201,0,0
115,202,10,10
115,203,0,0
115,204,0,0
115,205,0,0
115,206,0,0
115,207,0,0
115,208,22,14
115,209,0,0
117,171,0,0
117,172,0,0
117,173,0,0
117,174,106,106
117,175,0,0
117,176,168,168
117,177,0,0
117,178,0,0
117,179,0,0
117,180,0,0
117,181,0,0
117,182,0,0
117,183,0,0
117,184,0,0
117,185,0,0
117,186,0,0
117,187,0,0
117,188,0,0
117,189,0,0
117,190,0,0
117,191,0,0
117,192,0,0
117,193,0,0
117,194,0,0
117,195,44,44
117,196,0,0
117,197,0,0
117,198,0,0
117,199,38,38
117,200,0,0
117,201,0,0
117,202,0,0
117,203,0,0
117,204,0,0
117,205,0,0
117,206,0,0
117,207,0,0
117,208,0,0
117,209,0,0
118,171,0,0
118,172,0,0
118,173,0,0
118,174,0,0
118,175,0,0
118,176,0,0
118,177,0,0
118,178,0,0
118,179,0,0
118,180,0,0
118,181,0,0
118,182,0,0
118,183,0,0
118,184,0,0
118,185,0,0
118,186,0,0
118,187,77,77
118,188,0,0
118,189,0,0
118,190,0,0
118,191,0,0
118,192,0,0
118,193,0,0
118,194,0,0
118,195,0,0
118,196,0,0
118,197,0,0
118,198,0,0
118,199,0,0
118,200,0,0
118,201,0,0
118,202,0,0
118,203,0,0
118,204,0,0
118,205,0,0
118,206,0,0
118,207,0,0
118,208,0,0
118,209,0,0
119,171,0,0
119,172,0,0
119,173,0,0
119,174,0,0
119,175,0,0
119,176,0,0
119,177,0,0
119,178,0,0
119,179,0,0
119,180,0,0
119,181,0,0
119,182,0,0
119,183,0,0
119,184,0,0
119,185,0,0
119,186,0,0
119,187,0,0
119,188,208,208
119,189,0,0
119,190,26,26
119,191,0,0
119,192,0,0
119,193,0,0
119,194,0,0
119,195,0,0
119,196,0,0
119,197,0,0
119,198,0,0
119,199,34,14
119,200,0,0
119,201,0,0
119,202,29,16
119,203,0,0
119,204,0,0
119,205,0,0
119,206,0,0
119,207,0,0
119,208,0,0
119,209,0,0
122,171,0,0
122,172,0,0
122,173,0,0
122,174,0,0
122,175,0,0
122,176,0,0
122,177,0,0
122,178,0,0
122,179,0,0
122,180,0,0
122,181,0,0
122,182,0,0
122,183,0,0
122,184,0,0
122,185,0,0
122,186,0,0
122,187,0,0
122,188,0,0
122,189,0,0
122,190,0,0
122,191,0,0
122,192,0,0
122,193,280,280
122,194,0,0
122,195,0,0
122,196,0,0
122,197,0,0
122,198,0,0
122,199,0,0
122,200,25,25
122,201,25,25
122,202,0,0
122,203,18,18
122,204,0,0
122,205,0,0
122,206,0,0
122,207,24,24
122,208,0,0
122,209,31,30
123,171,0,0
123,172,0,0
123,173,0,0
123,174,0,0
123,175,0,0
123,176,0,0
123,177,0,0
123,178,0,0
123,179,0,0
123,180,0,0
123,181,0,0
123,182,0,0
123,183,0,0
123,184,0,0
123,185,0,0
123,186,0,0
123,187,0,0
123,188,0,0
123,189,0,0
123,190,0,0
123,191,0,0
123,192,0,0
123,193,110,74
123,194,0,0
123,195,0,0
123,196,41,34
123,197,73,66
123,198,0,0
123,199,0,0
123,200,0,0
123,201,0,0
123,202,0,0
123,203,0,0
123,204,0,0
123,205,0,0
123,206,0,0
123,207,0,0
123,208,0,0
123,209,0,0
124,171,0,0
124,172,0,0
124,173,0,0
124,174,0,0
124,175,0,0
124,176,0,0
124,177,0,0
124,178,0,0
124,179,0,0
124,180,257,257
124,181,0,0
124,182,0,0
124,183,0,0
124,184,0,0
124,185,0,0
124,186,0,0
124,187,0,0
124,188,0,0
124,189,0,0
124,190,10,10
124,191,0,0
124,192,0,0
124,193,0,0
124,194,0,0
124,195,0,0
124,196,0,0
124,197,0,0
124,198,0,0
124,199,0,0
124,200,0,0
124,201,0,0
124,202,0,0
124,203,0,0
124,204,0,0
124,205,0,0
124,206,0,0
124,207,0,0
124,208,0,0
124,209,0,0
125,171,0,0
125,172,0,0
125,173,0,0
125,174,0,0
125,175,0,0
125,176,0,0
125,177,0,0
125,178,0,0
125,179,0,0
125,180,0,0
125,181,0,0
125,182,0,0
125,183,0,0
125,184,0,0
125,185,0,0
125,186,0,0
125,187,0,0
125,188,0,0
125,189,0,0
125,190,0,0
125,191,0,0
125,192,0,0
125,193,0,0
125,194,0,0
125,195,0,0
125,196,0,0
125,197,0,0
125,198,0,0
125,199,0,0
125,200,44,44
125,201,0,0
125,202,0,0
125,203,0,0
125,204,0,0
125,205,0,0
125,206,0,0
125,207,0,0
125,208,0,0
125,209,0,0
126,171,0,0
126,172,0,0
126,173,0,0
126,174,0,0
126,175,0,0
126,176,0,0
126,177,0,0
126,178,0,0
126,179,0,0
126,180,0,0
126,181,0,0
126,182,0,0
126,183,0,0
126,184,0,0
126,185,0,0
126,186,0,0
126,187,0,0
126,188,0,0
126,189,0,0
126,190,170,170
126,191,0,0
126,192,0,0
126,193,0,0
126,194,0,0
126,195,0,0
126,196,0,0
126,197,0,0
126,198,13,13
126,199,0,0
126,200,0,0
126,201,0,0
126,202,0,0
126,203,0,0
126,204,0,0
126,205,0,0
126,206,0,0
126,207,0,0
126,208,0,0
126,209,0,0
127,171,0,0
127,172,0,0
127,173,0,0
127,174,176,176
127,175,0,0
127,176,0,0
127,177,0,0
127,178,0,0
127,179,0,0
127,180,0,0
127,181,0,0
127,182,0,0
127,183,0,0
127,184,68,68
127,185,0,0
127,186,0,0
127,187,0,0
127,188,0,0
127,189,0,0
127,190,0,0
127,191,0,0
127,192,0,0
127,193,163,163
127,194,0,0
127,195,0,0
127,196,26,26
127,197,154,154
127,198,0,0
127,199,0,0
127,200,0,0
127,201,0,0
127,202,0,0
127,203,198,149
127,204,0,0
127,205,0,0
127,206,227,224
127,207,117,111
127,208,0,0
127,209,0,0
128,171,0,0
128,172,0,0
128,173,0,0
128,174,0,0
128,175,0,0
128,176,0,0
128,177,0,0
128,178,0,0
128,179,0,0
128,180,0,0
128,181,0,0
128,182,0,0
128,183,0,0
128,184,0,0
128,185,0,0
128,186,0,0
128,187,0,0
128,188,0,0
128,189,0,0
128,190,0,0
128,191,0,0
128,192,0,0
128,193,0,0
128,194,110,66
128,195,0,0
128,196,0,0
128,197,0,0
128,198,0,0
128,199,0,0
128,200,0,0
128,201,0,0
128,202,0,0
128,203,0,0
128,204,0,0
128,205,0,0
128,206,0,0
128,207,0,0
128,208,0,0
128,209,0,0
129,171,0,0
129,172,0,0
129,173,0,0
129,174,0,0
129,175,0,0
129,176,0,0
129,177,0,0
129,178,0,0
129,179,0,0
129,180,0,0
129,181,0,0
129,182,0,0
129,183,0,0
129,184,0,0
129,185,0,0
129,186,0,0
129,187,0,0
129,188,0,0
129,189,36,36
129,190,0,0
129,191,0,0
129,192,0,0
129,193,0,0
129,194,0,0
129,195,0,0
129,196,0,0
129,197,143,143
129,198,12,12
129,199,0,0
129,200,0,0
129,201,0,0
129,202,0,0
129,203,0,0
129,204,0,0
129,205,0,0
129,206,0,0
129,207,0,0
129,208,0,0
129,209,0,0
131,171,0,0
131,172,0,0
131,173,0,0
131,174,0,0
131,175,0,0
131,176,0,0
131,177,0,0
131,178,0,0
131,179,0,0
131,180,0,0
131,181,0,0
131,182,0,0
131,183,0,0
131,184,0,0
131,185,0,0
131,186,0,0
131,187,0,0
131,188,0,0
131,189,30,30
131,190,54,54
131,191,0,0
131,192,0,0
131,193,0,0
131,194,0,0
131,195,0,0
131,196,0,0
131,197,0,0
131,198,0,0
131,199,51,51
131,200,21,21
131,201,0,0
131,202,0,0
131,203,0,0
131,204,13,13
131,205,13,13
131,206,0,0
131,207,45,45
131,208,0,0
131,209,0,0
134,171,0,0
134,172,0,0
134,173,0,0
134,174,0,0
134,175,0,0
134,176,0,0
134,177,0,0
134,178,0,0
134,179,0,0
134,180,0,0
134,181,0,0
134,182,0,0
134,183,0,0
134,184,0,0
134,185,0,0
134,186,0,0
134,187,0,0
134,188,0,0
134,189,0,0
134,190,0,0
134,191,20,20
134,192,0,0
134,193,47,47
134,194,0,0
134,195,21,21
134,196,0,0
134,197,0,0
134,198,0,0
134,199,0,0
134,200,0,0
134,201,10,10
134,202,0,0
134,203,0,0
134,204,0,0
134,205,0,0
134,206,0,0
134,207,0,0
134,208,0,0
134,209,11,11
135,171,0,0
135,172,0,0
135,173,0,0
135,174,0,0
135,175,0,0
135,176,0,0
135,177,0,0
135,178,0,0
135,179,0,0
135,180,0,0
135,181,0,0
135,182,0,0
135,183,0,0
135,184,0,0
135,185,0,0
135,186,0,0
135,187,0,0
135,188,0,0
135,189,0,0
135,190,0,0
135,191,0,0
135,192,0,0
135,193,0,0
135,194,0,0
135,195,28,28
135,196,15,15
135,197,19,19
135,198,0,0
135,199,0,0
135,200,21,21
135,201,0,0
135,202,0,0
135,203,0,0
135,204,0,0
135,205,0,0
135,206,0,0
135,207,0,0
135,208,0,0
135,209,0,0
136,171,0,0
136,172,0,0
136,173,0,0
136,174,0,0
136,175,0,0
136,176,0,0
136,177,0,0
136,178,0,0
136,179,0,0
136,180,0,0
136,181,0,0
136,182,0,0
136,183,0,0
136,184,0,0
136,185,0,0
136,186,0,0
136,187,0,0
136,188,0,0
136,189,0,0
136,190,0,0
136,191,0,0
136,192,0,0
136,193,0,0
136,194,0,0
136,195,0,0
136,196,0,0
136,197,25,23
136,198,0,0
136,199,0,0
136,200,0,0
136,201,0,0
136,202,0,0
136,203,0,0
136,204,0,0
136,205,0,0
136,206,0,0
136,207,0,0
136,208,0,0
136,209,0,0
137,171,0,0
137,172,0,0
137,173,0,0
137,174,0,0
137,175,0,0
137,176,0,0
137,177,0,0
137,178,0,0
137,179,0,0
137,180,0,0
137,181,0,0
137,182,0,0
137,183,0,0
137,184,0,0
137,185,21,21
137,186,0,0
137,187,0,0
137,188,86,86
137,189,22,22
137,190,50,50
137,191,0,0
137,192,0,0
137,193,0,0
137,194,0,0
137,195,59,59
137,196,0,0
137,197,216,216
137,198,0,0
137,199,134,100
137,200,0,0
137,201,0,0
137,202,0,0
137,203,0,0
137,204,46,46
137,205,0,0
137,206,126,64
137,207,0,0
137,208,0,0
137,209,10,10
138,171,0,0
138,172,0,0
138,173,0,0
138,174,0,0
138,175,0,0
138,176,0,0
138,177,0,0
138,178,0,0
138,179,0,0
138,180,0,0
138,181,133,0
138,182,0,0
138,183,0,0
138,184,0,0
138,185,0,0
138,186,0,0
138,187,0,0
138,188,50,50
138,189,0,0
138,190,0,0
138,191,25,25
138,192,0,0
138,193,0,0
138,194,27,27
138,195,0,0
138,196,0,0
138,197,0,0
138,198,0,0
138,199,104,104
138,200,0,0
138,201,131,131
138,202,0,0
138,203,29,29
138,204,0,0
138,205,0,0
138,206,0,0
138,207,0,0
138,208,0,0
138,209,0,0
139,171,0,0
139,172,0,0
139,173,0,0
139,174,0,0
139,175,0,0
139,176,0,0
139,177,0,0
139,178,0,0
139,179,0,0
139,180,0,0
139,181,0,0
139,182,0,0
139,183,0,0
139,184,0,0
139,185,0,0
139,186,0,0
139,187,0,0
139,188,183,183
139,189,0,0
139,190,0,0
139,191,0,0
139,192,0,0
139,193,0,0
139,194,0,0
139,195,0,0
139,196,0,0
139,197,0,0
139,198,0,0
139,199,0,0
139,200,0,0
139,201,0,0
139,202,0,0
139,203,0,0
139,204,0,0
139,205,0,0
139,206,0,0
139,207,0,0
139,208,0,0
139,209,20,20
140,171,0,0
140,172,0,0
140,173,0,0
140,174,0,0
140,175,0,0
140,176,0,0
140,177,0,0
140,178,164,132
140,179,0,0
140,180,0,0
140,181,0,0
140,182,0,0
140,183,0,0
140,184,0,0
140,185,0,0
140,186,0,0
140,187,0,0
140,188,0,0
140,189,0,0
140,190,0,0
140,191,0,0
140,192,0,0
140,193,146,56
140,194,0,0
140,195,0,0
140,196,0,0
140,197,0,0
140,198,0,0
140,199,0,0
140,200,0,0
140,201,0,0
140,202,0,0
140,203,0,0
140,204,10,10
140,205,0,0
140,206,0,0
140,207,0,0
140,208,0,0
140,209,0,0
142,171,0,0
142,172,0,0
142,173,0,0
142,174,0,0
142,175,0,0
142,176,0,0
142,177,0,0
142,178,0,0
142,179,0,0
142,180,0,0
142,181,0,0
142,182,0,0
142,183,0,0
142,184,0,0
142,185,0,0
142,186,0,0
142,187,0,0
142,188,0,0
142,189,0,0
142,190,0,0
142,191,0,0
142,192,0,0
142,193,0,0
142,194,0,0
142,195,0,0
142,196,60,60
142,197,10,10
142,198,0,0
142,199,0,0
142,200,0,0
142,201,0,0
142,202,0,0
142,203,0,0
142,204,0,0
142,205,0,0
142,206,0,0
142,207,0,0
142,208,0,0
142,209,0,0
143,171,0,0
143,172,0,0
143,173,0,0
143,174,0,0
143,175,0,0
143,176,0,0
143,177,0,0
143,178,0,0
143,179,0,0
143,180,0,0
143,181,0,0
143,182,0,0
143,183,0,0
143,184,0,0
143,185,0,0
143,186,0,0
143,187,0,0
143,188,0,0
143,189,0,0
143,190,0,0
143,191,0,0
143,192,153,107
143,193,142,142
143,194,35,35
143,195,431,431
143,196,97,97
143,197,61,61
143,198,141,126
143,199,0,0
143,200,26,21
143,201,19,19
143,202,289,289
143,203,98,90
143,204,57,43
143,205,105,105
143,206,69,44
143,207,332,256
143,208,0,0
143,209,88,88
148,171,0,0
148,172,0,0
148,173,0,0
148,174,0,0
148,175,0,0
148,176,0,0
148,177,0,0
148,178,0,0
148,179,0,0
148,180,0,0
148,181,301,301
148,182,0,0
148,183,0,0
148,184,0,0
148,185,0,0
148,186,0,0
148,187,67,67
148,188,0,0
148,189,0,0
148,190,0,0
148,191,0,0
148,192,359,359
148,193,0,0
148,194,0,0
148,195,0,0
148,196,0,0
148,197,0,0
148,198,0,0
148,199,0,0
148,200,20,12
148,201,0,0
148,202,0,0
148,203,0,0
148,204,0,0
148,205,0,0
148,206,0,0
148,207,0,0
148,208,0,0
148,209,0,0
149,171,0,0
149,172,0,0
149,173,0,0
149,174,0,0
149,175,0,0
149,176,0,0
149,177,0,0
149,178,0,0
149,179,0,0
149,180,0,0
149,181,0,0
149,182,0,0
149,183,0,0
149,184,0,0
149,185,0,0
149,186,0,0
149,187,0,0
149,188,0,0
149,189,0,0
149,190,0,0
149,191,0,0
149,192,0,0
149,193,56,31
149,194,0,0
149,195,0,0
149,196,0,0
149,197,0,0
149,198,49,20
149,199,0,0
149,200,0,0
149,201,0,0
149,202,0,0
149,203,0,0
149,204,0,0
149,205,0,0
149,206,0,0
149,207,0,0
149,208,0,0
149,209,0,0
152,171,0,0
152,172,0,0
152,173,0,0
152,174,0,0
152,175,0,0
152,176,0,0
152,177,0,0
152,178,0,0
152,179,0,0
152,180,0,0
152,181,0,0
152,182,0,0
152,183,0,0
152,184,0,0
152,185,0,0
152,186,0,0
152,187,0,0
152,188,0,0
152,189,0,0
152,190,0,0
152,191,0,0
152,192,0,0
152,193,0,0
152,194,0,0
152,195,0,0
152,196,0,0
152,197,0,0
152,198,0,0
152,199,0,0
152,200,0,0
152,201,0,0
152,202,0,0
152,203,0,0
152,204,0,0
152,205,24,24
152,206,0,0
152,207,0,0
152,208,22,22
152,209,0,0
157,171,0,0
157,172,0,0
157,173,0,0
157,174,0,0
157,175,0,0
157,176,0,0
157,177,0,0
157,178,0,0
157,179,0,0
157,180,0,0
157,181,0,0
157,182,0,0
157,183,0,0
157,184,0,0
157,185,0,0
157,186,0,0
157,187,0,0
157,188,0,0
157,189,0,0
157,190,30,30
157,191,0,0
157,192,0,0
157,193,0,0
157,194,0,0
157,195,0,0
157,196,0,0
157,197,0,0
157,198,0,0
157,199,0,0
157,200,0,0
157,201,0,0
157,202,0,0
157,203,0,0
157,204,0,0
157,205,0,0
157,206,0,0
157,207,0,0
157,208,0,0
157,209,0,0
158,171,0,0
158,172,0,0
158,173,0,0
158,174,0,0
158,175,0,0
158,176,0,0
158,177,0,0
158,178,0,0
158,179,0,0
158,180,0,0
158,181,0,0
158,182,0,0
158,183,0,0
158,184,0,0
158,185,0,0
158,186,0,0
158,187,0,0
158,188,0,0
158,189,24,24
158,190,0,0
158,191,0,0
158,192,0,0
158,193,0,0
158,194,0,0
158,195,0,0
158,196,0,0
158,197,0,0
158,198,33,33
158,199,0,0
158,200,10,10
158,201,0,0
158,202,0,0
158,203,0,0
158,204,0,0
158,205,0,0
158,206,0,0
158,207,0,0
158,208,0,0
158,209,0,0
159,171,0,0
159,172,0,0
159,173,0,0
159,174,0,0
159,175,0,0
159,176,0,0
159,177,0,0
159,178,0,0
159,179,0,0
159,180,0,0
159,181,0,0
159,182,0,0
159,183,0,0
159,184,0,0
159,185,0,0
159,186,0,0
159,187,0,0
159,188,115,115
159,189,0,0
159,190,34,21
159,191,0,0
159,192,0,0
159,193,0,0
159,194,0,0
159,195,0,0
159,196,0,0
159,197,0,0
159,198,0,0
159,199,0,0
159,200,0,0
159,201,0,0
159,202,0,0
159,203,167,129
159,204,0,0
159,205,0,0
159,206,0,0
159,207,0,0
159,208,0,0
159,209,0,0
161,171,0,0
161,172,0,0
161,173,0,0
161,174,0,0
161,175,0,0
161,176,0,0
161,177,0,0
161,178,0,0
161,179,0,0
161,180,0,0
161,181,146,146
161,182,0,0
161,183,0,0
161,184,314,273
161,185,0,0
161,186,148,148
161,187,0,0
161,188,0,0
161,189,0,0
161,190,0,0
161,191,0,0
161,192,0,0
161,193,0,0
161,194,0,0
161,195,0,0
161,196,0,0
161,197,0,0
161,198,0,0
161,199,0,0
161,200,0,0
161,201,0,0
161,202,0,0
161,203,0,0
161,204,0,0
161,205,0,0
161,206,0,0
161,207,0,0
161,208,0,0
161,209,172,154
162,171,0,0
162,172,0,0
162,173,0,0
162,174,0,0
162,175,191,191
162,176,0,0
162,177,0,0
162,178,0,0
162,179,0,0
162,180,0,0
162,181,0,0
162,182,0,0
162,183,0,0
162,184,0,0
162,185,0,0
162,186,0,0
162,187,22,22
162,188,0,0
162,189,0,0
162,190,0,0
162,191,0,0
162,192,0,0
162,193,0,0
162,194,0,0
162,195,0,0
162,196,120,120
162,197,0,0
162,198,0,0
162,199,55,55
162,200,0,0
162,201,40,40
162,202,0,0
162,203,0,0
162,204,0,0
162,205,0,0
162,206,0,0
162,207,0,0
162,208,0,0
162,209,0,0
166,171,0,0
166,172,0,0
166,173,0,0
166,174,0,0
166,175,0,0
166,176,0,0
166,177,0,0
166,178,0,0
166,179,0,0
166,180,0,0
166,181,0,0
166,182,0,0
166,183,0,0
166,184,0,0
166,185,0,0
166,186,0,0
166,187,60,60
166,188,0,0
166,189,0,0
166,190,0,0
166,191,0,0
166,192,0,0
166,193,0,0
166,194,0,0
166,195,0,0
166,196,0,0
166,197,144,144
166,198,0,0
166,199,31,31
166,200,0,0
166,201,0,0
166,202,15,15
166,203,0,0
166,204,149,148
166,205,18,14
166,206,0,0
166,207,20,20
166,208,0,0
166,209,175,54
167,171,0,0
167,172,0,0
167,173,0,0
167,174,0,0
167,175,0,0
167,176,0,0
167,177,0,0
167,178,0,0
167,179,0,0
167,180,0,0
167,181,0,0
167,182,0,0
167,183,0,0
167,184,0,0
167,185,0,0
167,186,0,0
167,187,0,0
167,188,0,0
167,189,0,0
167,190,182,169
167,191,0,0
167,192,0,0
167,193,0,0
167,194,0,0
167,195,0,0
167,196,0,0
167,197,0,0
167,198,0,0
167,199,0,0
167,200,0,0
167,201,0,0
167,202,10,10
167,203,0,0
167,204,0,0
167,205,0,0
167,206,0,0
167,207,0,0
167,208,0,0
167,209,20,20
169,171,0,0
169,172,0,0
169,173,0,0
169,174,0,0
169,175,0,0
169,176,0,0
169,177,0,0
169,178,0,0
169,179,0,0
169,180,0,0
169,181,0,0
169,182,0,0
169,183,0,0
169,184,0,0
169,185,0,0
169,186,0,0
169,187,0,0
169,188,0,0
169,189,0,0
169,190,16,16
169,191,0,0
169,192,0,0
169,193,0,0
169,194,0,0
169,195,0,0
169,196,0,0
169,197,0,0
169,198,0,0
169,199,0,0
169,200,0,0
169,201,0,0
169,202,0,0
169,203,0,0
169,204,0,0
169,205,0,0
169,206,0,0
169,207,0,0
169,208,0,0
169,209,0,0
170,171,0,0
170,172,0,0
170,173,0,0
170,174,0,0
170,175,0,0
170,176,0,0
170,177,0,0
170,178,0,0
170,179,0,0
170,180,0,0
170,181,0,0
170,182,0,0
170,183,0,0
170,184,0,0
170,185,0,0
170,186,0,0
170,187,0,0
170,188,0,0
170,189,0,0
170,190,0,0
170,191,46,46
170,192,0,0
170,193,0,0
170,194,0,0
170,195,0,0
170,196,0,0
170,197,0,0
170,198,0,0
170,199,0,0
170,200,0,0
170,201,10,10
170,202,33,24
170,203,0,0
170,204,0,0
170,205,0,0
170,206,0,0
170,207,0,0
170,208,0,0
170,209,0,0
172,171,0,0
172,172,0,0
172,173,0,0
172,174,0,0
172,175,0,0
172,176,0,0
172,177,0,0
172,178,0,0
172,179,0,0
172,180,0,0
172,181,0,0
172,182,0,0
172,183,0,0
172,184,0,0
172,185,0,0
172,186,0,0
172,187,0,0
172,188,0,0
172,189,0,0
172,190,0,0
172,191,0,0
172,192,0,0
172,193,0,0
172,194,86,82
172,195,0,0
172,196,0,0
172,197,0,0
172,198,0,0
172,199,0,0
172,200,0,0
172,201,0,0
172,202,0,0
172,203,0,0
172,204,0,0
172,205,0,0
172,206,0,0
172,207,0,0
172,208,0,0
172,209,0,0
173,171,0,0
173,172,0,0
173,173,0,0
173,174,0,0
173,175,0,0
173,176,0,0
173,177,0,0
173,178,0,0
173,179,0,0
173,180,0,0
173,181,0,0
173,182,0,0
173,183,0,0
173,184,0,0
173,185,0,0
173,186,0,0
173,187,0,0
173,188,0,0
173,189,0,0
173,190,0,0
173,191,0,0
173,192,0,0
173,193,0,0
173,194,0,0
173,195,0,0
173,196,0,0
173,197,0,0
173,198,0,0
173,199,0,0
173,200,12,12
173,201,0,0
173,202,0,0
173,203,0,0
173,204,0,0
173,205,0,0
173,206,0,0
173,207,0,0
173,208,0,0
173,209,0,0
174,171,0,0
174,172,0,0
174,173,0,0
174,174,0,0
174,175,0,0
174,176,0,0
174,177,0,0
174,178,0,0
174,179,0,0
174,180,0,0
174,181,0,0
174,182,0,0
174,183,0,0
174,184,0,0
174,185,0,0
174,186,0,0
174,187,0,0
174,188,193,193
174,189,81,76
174,190,0,0
174,191,38,38
174,192,237,237
174,193,0,0
174,194,0,0
174,195,0,0
174,196,0,0
174,197,0,0
174,198,14,14
174,199,146,101
174,200,0,0
174,201,11,11
174,202,0,0
174,203,0,0
174,204,0,0
174,205,0,0
174,206,0,0
174,207,0,0
174,208,130,90
174,209,10,10
179,171,0,0
179,172,0,0
179,173,0,0
179,174,0,0
179,175,0,0
179,176,0,0
179,177,0,0
179,178,0,0
179,179,0,0
179,180,0,0
179,181,0,0
179,182,0,0
179,183,0,0
179,184,0,0
179,185,0,0
179,186,0,0
179,187,0,0
179,188,0,0
179,189,0,0
179,190,0,0
179,191,0,0
179,192,0,0
179,193,0,0
179,194,0,0
179,195,0,0
179,196,0,0
179,197,0,0
179,198,0,0
179,199,0,0
179,200,0,0
179,201,0,0
179,202,0,0
179,203,75,27
179,204,0,0
179,205,0,0
179,206,0,0
179,207,0,0
179,208,0,0
179,209,0,0
180,171,0,0
180,172,0,0
180,173,0,0
180,174,0,0
180,175,0,0
180,176,0,0
180,177,0,0
180,178,0,0
180,179,0,0
180,180,0,0
180,181,0,0
180,182,101,26
180,183,0,0
180,184,0,0
180,185,0,0
180,186,14,14
180,187,0,0
180,188,0,0
180,189,0,0
180,190,0,0
180,191,0,0
180,192,0,0
180,193,0,0
180,194,0,0
180,195,76,57
180,196,0,0
180,197,0,0
180,198,0,0
180,199,0,0
180,200,0,0
180,201,0,0
180,202,34,34
180,203,0,0
180,204,154,149
180,205,0,0
180,206,0,0
180,207,0,0
180,208,57,57
180,209,0,0
184,171,0,0
184,172,0,0
184,173,0,0
184,174,0,0
184,175,0,0
184,176,0,0
184,177,0,0
184,178,0,0
184,179,0,0
184,180,0,0
184,181,0,0
184,182,0,0
184,183,0,0
184,184,0,0
184,185,0,0
184,186,0,0
184,187,0,0
184,188,0,0
184,189,0,0
184,190,0,0
184,191,0,0
184,192,0,0
184,193,0,0
184,194,0,0
184,195,0,0
184,196,0,0
184,197,0,0
184,198,0,0
184,199,0,0
184,200,0,0
184,201,0,0
184,202,0,0
184,203,353,83
184,204,0,0
184,205,0,0
184,206,0,0
184,207,169,169
184,208,0,0
184,209,33,32
185,171,0,0
185,172,0,0
185,173,0,0
185,174,0,0
185,175,0,0
185,176,0,0
185,177,0,0
185,178,0,0
185,179,0,0
185,180,0,0
185,181,0,0
185,182,0,0
185,183,0,0
185,184,112,112
185,185,0,0
185,186,0,0
185,187,0,0
185,188,0,0
185,189,0,0
185,190,0,0
185,191,0,0
185,192,0,0
185,193,0,0
185,194,0,0
185,195,0,0
185,196,0,0
185,197,0,0
185,198,86,85
185,199,0,0
185,200,0,0
185,201,0,0
185,202,0,0
185,203,0,0
185,204,0,0
185,205,45,43
185,206,0,0
185,207,0,0
185,208,0,0
185,209,0,0
186,171,0,0
186,172,0,0
186,173,118,118
186,174,0,0
186,175,0,0
186,176,0,0
186,177,0,0
186,178,0,0
186,179,0,0
186,180,0,0
186,181,0,0
186,182,0,0
186,183,0,0
186,184,0,0
186,185,0,0
186,186,67,52
186,187,45,45
186,188,0,0
186,189,0,0
186,190,127,39
186,191,0,0
186,192,0,0
186,193,11,11
186,194,0,0
186,195,29,29
186,196,12,12
186,197,0,0
186,198,0,0
186,199,0,0
186,200,0,0
186,201,0,0
186,202,0,0
186,203,11,11
186,204,0,0
186,205,0,0
186,206,0,0
186,207,0,0
186,208,0,0
186,209,0,0
187,171,0,0
187,172,0,0
187,173,0,0
187,174,0,0
187,175,0,0
187,176,112,112
187,177,0,0
187,178,0,0
187,179,144,144
187,180,0,0
187,181,0,0
187,182,0,0
187,183,153,153
187,184,0,0
187,185,0,0
187,186,0,0
187,187,117,117
187,188,240,240
187,189,23,23
187,190,395,210
187,191,277,92
187,192,123,118
187,193,83,59
187,194,177,21
187,195,407,265
187,196,39,39
187,197,361,361
187,198,29,29
187,199,0,0
187,200,327,247
187,201,107,107
187,202,330,314
187,203,0,0
187,204,34,32
187,205,0,0
187,206,19,19
187,207,67,66
187,208,10,10
187,209,10,10
188,171,0,0
188,172,48,8
188,173,0,0
188,174,0,0
188,175,0,0
188,176,0,0
188,177,0,0
188,178,0,0
188,179,0,0
188,180,0,0
188,181,0,0
188,182,0,0
188,183,0,0
188,184,0,0
188,185,0,0
188,186,0,0
188,187,0,0
188,188,0,0
188,189,0,0
188,190,0,0
188,191,0,0
188,192,0,0
188,193,0,0
188,194,0,0
188,195,0,0
188,196,0,0
188,197,0,0
188,198,74,74
188,199,0,0
188,200,0,0
188,201,0,0
188,202,0,0
188,203,0,0
188,204,0,0
188,205,0,0
188,206,0,0
188,207,0,0
188,208,0,0
188,209,0,0
189,171,0,0
189,172,0,0
189,173,0,0
189,174,0,0
189,175,0,0
189,176,0,0
189,177,0,0
189,178,0,0
189,179,0,0
189,180,0,0
189,181,0,0
189,182,0,0
189,183,0,0
189,184,0,0
189,185,0,0
189,186,0,0
189,187,0,0
189,188,0,0
189,189,0,0
189,190,0,0
189,191,0,0
189,192,0,0
189,193,0,0
189,194,0,0
189,195,0,0
189,196,0,0
189,197,0,0
189,198,0,0
189,199,0,0
189,200,0,0
189,201,0,0
189,202,0,0
189,203,0,0
189,204,0,0
189,205,37,37
189,206,0,0
189,207,15,15
189,208,0,0
189,209,0,0
191,171,0,0
191,172,0,0
191,173,0,0
191,174,0,0
191,175,0,0
191,176,0,0
191,177,0,0
191,178,0,0
191,179,0,0
191,180,0,0
191,181,0,0
191,182,0,0
191,183,0,0
191,184,0,0
191,185,0,0
191,186,0,0
191,187,0,0
191,188,0,0
191,189,0,0
191,190,0,0
191,191,25,25
191,192,65,65
191,193,0,0
191,194,0,0
191,195,0,0
191,196,0,0
191,197,0,0
191,198,0,0
191,199,0,0
191,200,38,38
191,201,0,0
191,202,40,37
191,203,0,0
191,204,0,0
191,205,41,41
191,206,152,152
191,207,0,0
191,208,0,0
191,209,60,60
192,171,0,0
192,172,0,0
192,173,0,0
192,174,0,0
192,175,0,0
192,176,172,172
192,177,0,0
192,178,0,0
192,179,0,0
192,180,0,0
192,181,0,0
192,182,0,0
192,183,0,0
192,184,0,0
192,185,0,0
192,186,0,0
192,187,0,0
192,188,0,0
192,189,0,0
192,190,20,20
192,191,0,0
192,192,0,0
192,193,29,29
192,194,0,0
192,195,0,0
192,196,0,0
192,197,0,0
192,198,0,0
192,199,0,0
192,200,0,0
192,201,0,0
192,202,16,16
192,203,0,0
192,204,0,0
192,205,0,0
192,206,16,16
192,207,0,0
192,208,0,0
192,209,0,0
193,171,0,0
193,172,0,0
193,173,0,0
193,174,0,0
193,175,0,0
193,176,0,0
193,177,0,0
193,178,0,0
193,179,0,0
193,180,0,0
193,181,0,0
193,182,0,0
193,183,0,0
193,184,0,0
193,185,0,0
193,186,0,0
193,187,0,0
193,188,0,0
193,189,0,0
193,190,0,0
193,191,0,0
193,192,0,0
193,193,57,57
193,194,0,0
193,195,0,0
193,196,0,0
193,197,0,0
193,198,0,0
193,199,0,0
193,200,0,0
193,201,0,0
193,202,0,0
193,203,0,0
193,204,0,0
193,205,0,0
193,206,0,0
193,207,0,0
193,208,0,0
193,209,0,0
194,171,0,0
194,172,0,0
194,173,0,0
194,174,0,0
194,175,0,0
194,176,0,0
194,177,0,0
194,178,0,0
194,179,0,0
194,180,0,0
194,181,0,0
194,182,0,0
194,183,0,0
194,184,0,0
194,185,0,0
194,186,0,0
194,187,0,0
194,188,0,0
194,189,0,0
194,190,0,0
194,191,29,29
194,192,0,0
194,193,0,0
194,194,0,0
194,195,0,0
194,196,0,0
194,197,0,0
194,198,0,0
194,199,0,0
194,200,0,0
194,201,0,0
194,202,0,0
194,203,0,0
194,204,0,0
194,205,0,0
194,206,13,13
194,207,0,0
194,208,0,0
194,209,0,0
