1,171,0,0
1,172,0,0
1,173,0,0
1,174,0,0
1,175,0,0
1,176,0,0
1,177,0,0
1,178,0,0
1,179,0,0
1,180,0,0
1,181,0,0
1,182,0,0
1,183,0,0
1,184,0,0
1,185,0,0
1,186,0,0
1,187,0,0
1,188,0,0
1,189,0,0
1,190,0,0
1,191,0,0
1,192,0,0
1,193,0,0
1,194,10,10
1,195,0,0
1,196,0,0
1,197,0,0
1,198,0,0
1,199,0,0
1,200,0,0
1,201,0,0
1,202,0,0
1,203,0,0
1,204,0,0
1,205,0,0
1,206,22900,260
1,207,71,71
1,208,0,0
1,209,0,0
2,171,0,0
2,172,0,0
2,173,0,0
2,174,0,0
2,175,0,0
2,176,0,0
2,177,0,0
2,178,0,0
2,179,0,0
2,180,0,0
2,181,0,0
2,182,0,0
2,183,0,0
2,184,0,0
2,185,0,0
2,186,0,0
2,187,0,0
2,188,0,0
2,189,0,0
2,190,0,0
2,191,0,0
2,192,0,0
2,193,0,0
2,194,0,0
2,195,0,0
2,196,0,0
2,197,0,0
2,198,0,0
2,199,0,0
2,200,0,0
2,201,0,0
2,202,0,0
2,203,125000,6
2,204,0,0
2,205,0,0
2,206,400000,2
2,207,0,0
2,208,0,0
2,209,0,0
3,171,0,0
3,172,0,0
3,173,0,0
3,174,0,0
3,175,0,0
3,176,0,0
3,177,0,0
3,178,0,0
3,179,0,0
3,180,0,0
3,181,0,0
3,182,0,0
3,183,0,0
3,184,0,0
3,185,0,0
3,186,0,0
3,187,0,0
3,188,0,0
3,189,10100,0
3,190,0,0
3,191,0,0
3,192,0,0
3,193,0,0
3,194,0,0
3,195,0,0
3,196,0,0
3,197,0,0
3,198,0,0
3,199,0,0
3,200,0,0
3,201,14,4
3,202,0,0
3,203,0,0
3,204,13,13
3,205,0,0
3,206,15,10
3,207,0,0
3,208,0,0
3,209,0,0
6,171,0,0
6,172,0,0
6,173,0,0
6,174,0,0
6,175,0,0
6,176,0,0
6,177,0,0
6,178,0,0
6,179,0,0
6,180,0,0
6,181,0,0
6,182,0,0
6,183,0,0
6,184,0,0
6,185,0,0
6,186,0,0
6,187,0,0
6,188,0,0
6,189,0,0
6,190,8030,2
6,191,0,0
6,192,0,0
6,193,0,0
6,194,0,0
6,195,0,0
6,196,68700,2
6,197,0,0
6,198,0,0
6,199,2030,2
6,200,5960,2
6,201,0,0
6,202,0,0
6,203,0,0
6,204,0,0
6,205,0,0
6,206,0,0
6,207,0,0
6,208,0,0
6,209,25800,0
7,171,0,0
7,172,0,0
7,173,0,0
7,174,360,60
7,175,100000,100
7,176,20,20
7,177,0,0
7,178,0,0
7,179,105,5
7,180,0,0
7,181,0,0
7,182,0,0
7,183,0,0
7,184,0,0
7,185,0,0
7,186,0,0
7,187,1000,1
7,188,1000,1
7,189,0,0
7,190,0,0
7,191,0,0
7,192,0,0
7,193,0,0
7,194,8020,15
7,195,0,0
7,196,6010,6
7,197,0,0
7,198,0,0
7,199,4000,0
7,200,0,0
7,201,431,1
7,202,2670,20
7,203,5000,3
7,204,912,12
7,205,0,0
7,206,263,11
7,207,0,0
7,208,0,0
7,209,0,0
9,171,13,13
9,172,3,3
9,173,0,0
9,174,0,0
9,175,45700,76
9,176,0,0
9,177,0,0
9,178,0,0
9,179,105,5
9,180,15,15
9,181,0,0
9,182,0,0
9,183,1,1
9,184,0,0
9,185,0,0
9,186,27,27
9,187,1020,7
9,188,0,0
9,189,1,1
9,190,4,4
9,191,0,0
9,192,408,0
9,193,122,2
9,194,12100,0
9,195,2860000,27
9,196,432000,8
9,197,623000,7
9,198,0,0
9,199,0,0
9,200,10700,7
9,201,1350,1
9,202,209,2
9,203,129,0
9,204,2070,1
9,205,648,3
9,206,1200,1
9,207,9030,0
9,208,822,2
9,209,12000,1
10,171,0,0
10,172,0,0
10,173,0,0
10,174,0,0
10,175,0,0
10,176,0,0
10,177,0,0
10,178,0,0
10,179,0,0
10,180,0,0
10,181,0,0
10,182,0,0
10,183,0,0
10,184,0,0
10,185,12,12
10,186,0,0
10,187,0,0
10,188,0,0
10,189,0,0
10,190,0,0
10,191,3,3
10,192,0,0
10,193,0,0
10,194,0,0
10,195,0,0
10,196,0,0
10,197,0,0
10,198,0,0
10,199,0,0
10,200,0,0
10,201,0,0
10,202,0,0
10,203,303,3
10,204,0,0
10,205,0,0
10,206,0,0
10,207,0,0
10,208,0,0
10,209,4,4
12,171,0,0
12,172,0,0
12,173,0,0
12,174,0,0
12,175,0,0
12,176,0,0
12,177,0,0
12,178,0,0
12,179,0,0
12,180,0,0
12,181,0,0
12,182,0,0
12,183,0,0
12,184,0,0
12,185,0,0
12,186,0,0
12,187,0,0
12,188,0,0
12,189,0,0
12,190,0,0
12,191,0,0
12,192,0,0
12,193,1700,4
12,194,0,0
12,195,0,0
12,196,0,0
12,197,0,0
12,198,0,0
12,199,0,0
12,200,1,1
12,201,0,0
12,202,0,0
12,203,0,0
12,204,0,0
12,205,9010,12
12,206,1500,1
12,207,0,0
12,208,7000,1
12,209,3000,0
14,171,3950000,300000
14,172,163,163
14,173,25200,200
14,174,51900,1900
14,175,2800,2800
14,176,0,0
14,177,247,47
14,178,11200,634
14,179,1130,1030
14,180,203,53
14,181,1060,11
14,182,2040000,1090
14,183,0,0
14,184,6040,685
14,185,0,0
14,186,1850000,15100
14,187,2720000,184
14,188,12,12
14,189,10600000,1060
14,190,105000,815
14,191,59300,693
14,192,15600000,139000
14,193,10300,23
14,194,869000,452
14,195,659000,205
14,196,2370000,753
14,197,119000,626
14,198,3800000,425
14,199,231000,321
14,200,102000,128
14,201,147000,99
14,202,29000,238
14,203,102000,122
14,204,480,60
14,205,18400,239
14,206,35800,177
14,207,18300,154
14,208,8980000,4280
14,209,0,0
15,171,0,0
15,172,0,0
15,173,0,0
15,174,0,0
15,175,0,0
15,176,0,0
15,177,0,0
15,178,0,0
15,179,0,0
15,180,0,0
15,181,5010,0
15,182,0,0
15,183,0,0
15,184,0,0
15,185,0,0
15,186,0,0
15,187,0,0
15,188,230,0
15,189,0,0
15,190,0,0
15,191,0,0
15,192,0,0
15,193,0,0
15,194,0,0
15,195,0,0
15,196,0,0
15,197,0,0
15,198,0,0
15,199,0,0
15,200,0,0
15,201,0,0
15,202,0,0
15,203,2000,0
15,204,0,0
15,205,881,1
15,206,0,0
15,207,0,0
15,208,0,0
15,209,0,0
16,171,0,0
16,172,0,0
16,173,0,0
16,174,0,0
16,175,0,0
16,176,0,0
16,177,0,0
16,178,0,0
16,179,0,0
16,180,0,0
16,181,0,0
16,182,0,0
16,183,0,0
16,184,0,0
16,185,0,0
16,186,0,0
16,187,0,0
16,188,0,0
16,189,0,0
16,190,0,0
16,191,0,0
16,192,0,0
16,193,0,0
16,194,0,0
16,195,0,0
16,196,0,0
16,197,0,0
16,198,21400,5
16,199,0,0
16,200,0,0
16,201,0,0
16,202,0,0
16,203,0,0
16,204,0,0
16,205,0,0
16,206,0,0
16,207,0,0
16,208,0,0
16,209,0,0
17,171,0,0
17,172,0,0
17,173,0,0
17,174,0,0
17,175,0,0
17,176,0,0
17,177,0,0
17,178,0,0
17,179,0,0
17,180,0,0
17,181,0,0
17,182,0,0
17,183,0,0
17,184,0,0
17,185,0,0
17,186,0,0
17,187,0,0
17,188,0,0
17,189,0,0
17,190,0,0
17,191,16,16
17,192,0,0
17,193,0,0
17,194,0,0
17,195,0,0
17,196,806,6
17,197,0,0
17,198,0,0
17,199,0,0
17,200,907,2
17,201,0,0
17,202,0,0
17,203,5,5
17,204,0,0
17,205,0,0
17,206,0,0
17,207,0,0
17,208,4,2
17,209,0,0
18,171,0,0
18,172,0,0
18,173,0,0
18,174,0,0
18,175,70000,0
18,176,0,0
18,177,0,0
18,178,0,0
18,179,6010,5
18,180,0,0
18,181,0,0
18,182,0,0
18,183,0,0
18,184,0,0
18,185,0,0
18,186,0,0
18,187,0,0
18,188,0,0
18,189,0,0
18,190,0,0
18,191,0,0
18,192,0,0
18,193,0,0
18,194,0,0
18,195,0,0
18,196,0,0
18,197,0,0
18,198,0,0
18,199,60000,9
18,200,0,0
18,201,62600,14
18,202,20000,30
18,203,0,0
18,204,0,0
18,205,0,0
18,206,3,3
18,207,0,0
18,208,20000,0
18,209,10000,7
20,171,0,0
20,172,0,0
20,173,0,0
20,174,0,0
20,175,0,0
20,176,0,0
20,177,0,0
20,178,0,0
20,179,0,0
20,180,0,0
20,181,0,0
20,182,0,0
20,183,0,0
20,184,0,0
20,185,0,0
20,186,0,0
20,187,0,0
20,188,0,0
20,189,0,0
20,190,0,0
20,191,0,0
20,192,0,0
20,193,0,0
20,194,0,0
20,195,65000,17
20,196,0,0
20,197,0,0
20,198,0,0
20,199,0,0
20,200,0,0
20,201,0,0
20,202,0,0
20,203,0,0
20,204,0,0
20,205,0,0
20,206,0,0
20,207,0,0
20,208,0,0
20,209,0,0
21,171,0,0
21,172,0,0
21,173,0,0
21,174,0,0
21,175,0,0
21,176,0,0
21,177,0,0
21,178,0,0
21,179,0,0
21,180,0,0
21,181,0,0
21,182,0,0
21,183,0,0
21,184,0,0
21,185,0,0
21,186,0,0
21,187,0,0
21,188,0,0
21,189,0,0
21,190,0,0
21,191,0,0
21,192,0,0
21,193,0,0
21,194,0,0
21,195,0,0
21,196,0,0
21,197,0,0
21,198,0,0
21,199,0,0
21,200,0,0
21,201,0,0
21,202,0,0
21,203,12100,20
21,204,0,0
21,205,0,0
21,206,0,0
21,207,0,0
21,208,0,0
21,209,6660,0
22,171,0,0
22,172,0,0
22,173,0,0
22,174,0,0
22,175,0,0
22,176,0,0
22,177,0,0
22,178,0,0
22,179,0,0
22,180,0,0
22,181,0,0
22,182,0,0
22,183,0,0
22,184,0,0
22,185,0,0
22,186,0,0
22,187,0,0
22,188,0,0
22,189,0,0
22,190,0,0
22,191,0,0
22,192,0,0
22,193,0,0
22,194,0,0
22,195,0,0
22,196,0,0
22,197,0,0
22,198,0,0
22,199,0,0
22,200,1090,0
22,201,0,0
22,202,0,0
22,203,0,0
22,204,0,0
22,205,0,0
22,206,4,4
22,207,0,0
22,208,0,0
22,209,0,0
24,171,0,0
24,172,0,0
24,173,0,0
24,174,0,0
24,175,0,0
24,176,0,0
24,177,0,0
24,178,110,10
24,179,0,0
24,180,0,0
24,181,63,15
24,182,0,0
24,183,4330,33
24,184,0,0
24,185,210,10
24,186,3020,22
24,187,0,0
24,188,0,0
24,189,0,0
24,190,45000,36
24,191,0,0
24,192,0,0
24,193,0,0
24,194,0,0
24,195,2000,0
24,196,0,0
24,197,0,0
24,198,679,3
24,199,0,0
24,200,0,0
24,201,0,0
24,202,3410,13
24,203,0,0
24,204,0,0
24,205,150000,4
24,206,346,2
24,207,0,0
24,208,0,0
24,209,1600,3
26,171,0,0
26,172,0,0
26,173,0,0
26,174,0,0
26,175,0,0
26,176,0,0
26,177,0,0
26,178,0,0
26,179,0,0
26,180,0,0
26,181,0,0
26,182,0,0
26,183,0,0
26,184,0,0
26,185,0,0
26,186,0,0
26,187,0,0
26,188,0,0
26,189,0,0
26,190,0,0
26,191,0,0
26,192,0,0
26,193,0,0
26,194,5000,0
26,195,0,0
26,196,0,0
26,197,0,0
26,198,0,0
26,199,0,0
26,200,850,0
26,201,0,0
26,202,2,2
26,203,0,0
26,204,0,0
26,205,0,0
26,206,0,0
26,207,0,0
26,208,0,0
26,209,0,0
28,171,0,0
28,172,0,0
28,173,0,0
28,174,0,0
28,175,0,0
28,176,0,0
28,177,0,0
28,178,0,0
28,179,0,0
28,180,0,0
28,181,0,0
28,182,0,0
28,183,0,0
28,184,0,0
28,185,0,0
28,186,0,0
28,187,0,0
28,188,0,0
28,189,0,0
28,190,0,0
28,191,0,0
28,192,0,0
28,193,0,0
28,194,0,0
28,195,0,0
28,196,0,0
28,197,0,0
28,198,0,0
28,199,0,0
28,200,30800,0
28,201,0,0
28,202,0,0
28,203,0,0
28,204,0,0
28,205,15500,0
28,206,0,0
28,207,1510,0
28,208,0,0
28,209,0,0
29,171,0,0
29,172,0,0
29,173,0,0
29,174,0,0
29,175,0,0
29,176,0,0
29,177,0,0
29,178,0,0
29,179,0,0
29,180,0,0
29,181,0,0
29,182,0,0
29,183,0,0
29,184,0,0
29,185,0,0
29,186,0,0
29,187,0,0
29,188,0,0
29,189,0,0
29,190,0,0
29,191,0,0
29,192,0,0
29,193,0,0
29,194,0,0
29,195,0,0
29,196,0,0
29,197,0,0
29,198,25,25
29,199,0,0
29,200,0,0
29,201,0,0
29,202,0,0
29,203,0,0
29,204,0,0
29,205,0,0
29,206,0,0
29,207,0,0
29,208,0,0
29,209,0,0
31,171,10,10
31,172,0,0
31,173,0,0
31,174,0,0
31,175,0,0
31,176,354,14
31,177,0,0
31,178,0,0
31,179,0,0
31,180,0,0
31,181,0,0
31,182,0,0
31,183,0,0
31,184,0,0
31,185,0,0
31,186,1310,12
31,187,2400,0
31,188,276,26
31,189,0,0
31,190,0,0
31,191,0,0
31,192,0,0
31,193,0,0
31,194,0,0
31,195,1300,0
31,196,2,2
31,197,0,0
31,198,1,1
31,199,2030,28
31,200,4210,7
31,201,851,11
31,202,41,11
31,203,0,0
31,204,202,2
31,205,0,0
31,206,300,0
31,207,0,0
31,208,6,6
31,209,0,0
32,171,0,0
32,172,0,0
32,173,0,0
32,174,0,0
32,175,0,0
32,176,0,0
32,177,0,0
32,178,0,0
32,179,0,0
32,180,0,0
32,181,0,0
32,182,0,0
32,183,2230,3
32,184,0,0
32,185,5530,29
32,186,0,0
32,187,0,0
32,188,0,0
32,189,0,0
32,190,0,0
32,191,0,0
32,192,0,0
32,193,0,0
32,194,0,0
32,195,0,0
32,196,0,0
32,197,0,0
32,198,0,0
32,199,0,0
32,200,0,0
32,201,0,0
32,202,0,0
32,203,0,0
32,204,0,0
32,205,0,0
32,206,0,0
32,207,0,0
32,208,0,0
32,209,0,0
33,171,0,0
33,172,0,0
33,173,0,0
33,174,0,0
33,175,0,0
33,176,0,0
33,177,0,0
33,178,0,0
33,179,0,0
33,180,0,0
33,181,0,0
33,182,1850,0
33,183,0,0
33,184,0,0
33,185,0,0
33,186,0,0
33,187,0,0
33,188,0,0
33,189,0,0
33,190,0,0
33,191,0,0
33,192,0,0
33,193,0,0
33,194,0,0
33,195,0,0
33,196,0,0
33,197,0,0
33,198,0,0
33,199,0,0
33,200,0,0
33,201,0,0
33,202,3000,3
33,203,0,0
33,204,0,0
33,205,0,0
33,206,0,0
33,207,0,0
33,208,0,0
33,209,0,0
34,171,0,0
34,172,0,0
34,173,0,0
34,174,0,0
34,175,0,0
34,176,0,0
34,177,0,0
34,178,113,13
34,179,0,0
34,180,0,0
34,181,0,0
34,182,0,0
34,183,0,0
34,184,0,0
34,185,0,0
34,186,0,0
34,187,0,0
34,188,0,0
34,189,1210,11
34,190,0,0
34,191,0,0
34,192,0,0
34,193,0,0
34,194,0,0
34,195,0,0
34,196,0,0
34,197,0,0
34,198,0,0
34,199,0,0
34,200,0,0
34,201,0,0
34,202,0,0
34,203,0,0
34,204,0,0
34,205,0,0
34,206,0,0
34,207,0,0
34,208,159,14
34,209,0,0
35,171,0,0
35,172,90000,0
35,173,0,0
35,174,0,0
35,175,0,0
35,176,0,0
35,177,0,0
35,178,16800,15
35,179,0,0
35,180,0,0
35,181,0,0
35,182,0,0
35,183,0,0
35,184,0,0
35,185,323000,127
35,186,0,0
35,187,30800,16
35,188,0,0
35,189,0,0
35,190,0,0
35,191,0,0
35,192,0,0
35,193,38000,0
35,194,0,0
35,195,0,0
35,196,0,0
35,197,0,0
35,198,2250,4
35,199,0,0
35,200,0,0
35,201,0,0
35,202,2400,2
35,203,0,0
35,204,0,0
35,205,0,0
35,206,157,45
35,207,0,0
35,208,0,0
35,209,0,0
36,171,14100,107
36,172,0,0
36,173,0,0
36,174,0,0
36,175,0,0
36,176,0,0
36,177,0,0
36,178,0,0
36,179,0,0
36,180,0,0
36,181,288,188
36,182,0,0
36,183,0,0
36,184,21900,510
36,185,13,13
36,186,202000,296
36,187,4620000,368
36,188,1390000,406
36,189,238000,335
36,190,38000000,1120
36,191,5900000,629
36,192,3360000,255
36,193,16200000,860
36,194,8650000,214
36,195,26100000,1490
36,196,6570000,681
36,197,15300000,637
36,198,7270000,282
36,199,11000000,96
36,200,2180000,496
36,201,2530000,162
36,202,21200000,344
36,203,107000000,108
36,204,9480000,61
36,205,9790000,249
36,206,40800000,426
36,207,55300000,1500
36,208,9010000,95
36,209,1650000,74
37,171,0,0
37,172,0,0
37,173,0,0
37,174,0,0
37,175,0,0
37,176,0,0
37,177,0,0
37,178,0,0
37,179,0,0
37,180,0,0
37,181,0,0
37,182,0,0
37,183,0,0
37,184,541,1
37,185,0,0
37,186,0,0
37,187,28000,4
37,188,0,0
37,189,100000,26
37,190,0,0
37,191,0,0
37,192,0,0
37,193,0,0
37,194,0,0
37,195,0,0
37,196,0,0
37,197,0,0
37,198,0,0
37,199,0,0
37,200,2,2
37,201,0,0
37,202,7710,5
37,203,0,0
37,204,0,0
37,205,0,0
37,206,3070,0
37,207,0,0
37,208,0,0
37,209,0,0
38,171,0,0
38,172,0,0
38,173,0,0
38,174,0,0
38,175,0,0
38,176,0,0
38,177,0,0
38,178,0,0
38,179,0,0
38,180,0,0
38,181,0,0
38,182,0,0
38,183,0,0
38,184,30100,33
38,185,0,0
38,186,35000,2
38,187,0,0
38,188,50000,24
38,189,0,0
38,190,0,0
38,191,0,0
38,192,0,0
38,193,0,0
38,194,0,0
38,195,0,0
38,196,0,0
38,197,0,0
38,198,0,0
38,199,0,0
38,200,0,0
38,201,0,0
38,202,0,0
38,203,0,0
38,204,300,0
38,205,0,0
38,206,0,0
38,207,0,0
38,208,0,0
38,209,0,0
39,171,0,0
39,172,0,0
39,173,0,0
39,174,0,0
39,175,0,0
39,176,0,0
39,177,0,0
39,178,0,0
39,179,0,0
39,180,0,0
39,181,0,0
39,182,0,0
39,183,0,0
39,184,0,0
39,185,0,0
39,186,0,0
39,187,0,0
39,188,0,0
39,189,0,0
39,190,0,0
39,191,0,0
39,192,0,0
39,193,0,0
39,194,0,0
39,195,0,0
39,196,0,0
39,197,0,0
39,198,0,0
39,199,0,0
39,200,0,0
39,201,0,0
39,202,0,0
39,203,0,0
39,204,22600,28
39,205,0,0
39,206,5400,8
39,207,75100,3
39,208,0,0
39,209,18,10
41,171,0,0
41,172,0,0
41,173,0,0
41,174,0,0
41,175,0,0
41,176,0,0
41,177,0,0
41,178,0,0
41,179,0,0
41,180,0,0
41,181,0,0
41,182,0,0
41,183,0,0
41,184,0,0
41,185,0,0
41,186,0,0
41,187,0,0
41,188,0,0
41,189,128000,28
41,190,0,0
41,191,0,0
41,192,0,0
41,193,0,0
41,194,0,0
41,195,0,0
41,196,8060,0
41,197,716000,54
41,198,0,0
41,199,16700,8
41,200,0,0
41,201,0,0
41,202,0,0
41,203,0,0
41,204,0,0
41,205,0,0
41,206,1080,1
41,207,0,0
41,208,0,0
41,209,55000,4
43,171,0,0
43,172,0,0
43,173,0,0
43,174,0,0
43,175,0,0
43,176,0,0
43,177,0,0
43,178,0,0
43,179,0,0
43,180,0,0
43,181,0,0
43,182,0,0
43,183,0,0
43,184,0,0
43,185,0,0
43,186,0,0
43,187,0,0
43,188,0,0
43,189,0,0
43,190,0,0
43,191,0,0
43,192,0,0
43,193,0,0
43,194,0,0
43,195,0,0
43,196,0,0
43,197,0,0
43,198,0,0
43,199,0,0
43,200,0,0
43,201,0,0
43,202,0,0
43,203,0,0
43,204,0,0
43,205,0,0
43,206,2,2
43,207,0,0
43,208,0,0
43,209,0,0
44,171,20,20
44,172,0,0
44,173,0,0
44,174,0,0
44,175,0,0
44,176,0,0
44,177,0,0
44,178,0,0
44,179,176,6
44,180,0,0
44,181,3,3
44,182,0,0
44,183,180000,24
44,184,0,0
44,185,0,0
44,186,499000,4
44,187,0,0
44,188,0,0
44,189,61500,0
44,190,0,0
44,191,0,0
44,192,0,0
44,193,0,0
44,194,150000,5
44,195,111000,2
44,196,165,2
44,197,337000,0
44,198,0,0
44,199,147000,6
44,200,255000,4
44,201,0,0
44,202,5900000,5
44,203,324000,3
44,204,0,0
44,205,247000,4
44,206,2600000,20
44,207,268,0
44,208,193000,1
44,209,500000,7
45,171,0,0
45,172,0,0
45,173,0,0
45,174,0,0
45,175,0,0
45,176,0,0
45,177,0,0
45,178,0,0
45,179,0,0
45,180,0,0
45,181,0,0
45,182,0,0
45,183,0,0
45,184,0,0
45,185,0,0
45,186,0,0
45,187,0,0
45,188,0,0
45,189,0,0
45,190,0,0
45,191,0,0
45,192,0,0
45,193,0,0
45,194,0,0
45,195,0,0
45,196,0,0
45,197,0,0
45,198,0,0
45,199,0,0
45,200,0,0
45,201,0,0
45,202,0,0
45,203,0,0
45,204,30,0
45,205,10,0
45,206,0,0
45,207,0,0
45,208,0,0
45,209,0,0
46,171,0,0
46,172,0,0
46,173,0,0
46,174,0,0
46,175,0,0
46,176,0,0
46,177,0,0
46,178,0,0
46,179,0,0
46,180,0,0
46,181,0,0
46,182,0,0
46,183,0,0
46,184,0,0
46,185,0,0
46,186,0,0
46,187,0,0
46,188,0,0
46,189,0,0
46,190,0,0
46,191,0,0
46,192,0,0
46,193,0,0
46,194,0,0
46,195,0,0
46,196,0,0
46,197,0,0
46,198,0,0
46,199,0,0
46,200,0,0
46,201,0,0
46,202,0,0
46,203,2,2
46,204,0,0
46,205,0,0
46,206,3,0
46,207,0,0
46,208,4,4
46,209,2,2
47,171,0,0
47,172,0,0
47,173,0,0
47,174,0,0
47,175,0,0
47,176,0,0
47,177,0,0
47,178,0,0
47,179,0,0
47,180,0,0
47,181,0,0
47,182,9,9
47,183,0,0
47,184,2,2
47,185,0,0
47,186,0,0
47,187,0,0
47,188,0,0
47,189,0,0
47,190,0,0
47,191,1,1
47,192,0,0
47,193,0,0
47,194,0,0
47,195,0,0
47,196,0,0
47,197,0,0
47,198,0,0
47,199,0,0
47,200,7,7
47,201,0,0
47,202,0,0
47,203,1,1
47,204,0,0
47,205,0,0
47,206,4,4
47,207,0,0
47,208,0,0
47,209,0,0
48,171,0,0
48,172,0,0
48,173,0,0
48,174,0,0
48,175,0,0
48,176,0,0
48,177,0,0
48,178,0,0
48,179,0,0
48,180,0,0
48,181,0,0
48,182,0,0
48,183,0,0
48,184,0,0
48,185,0,0
48,186,0,0
48,187,0,0
48,188,0,0
48,189,0,0
48,190,0,0
48,191,0,0
48,192,0,0
48,193,0,0
48,194,0,0
48,195,0,0
48,196,775,0
48,197,0,0
48,198,0,0
48,199,0,0
48,200,0,0
48,201,0,0
48,202,0,0
48,203,0,0
48,204,0,0
48,205,0,0
48,206,0,0
48,207,0,0
48,208,0,0
48,209,0,0
49,171,0,0
49,172,0,0
49,173,0,0
49,174,0,0
49,175,0,0
49,176,0,0
49,177,0,0
49,178,0,0
49,179,0,0
49,180,72100,40
49,181,0,0
49,182,0,0
49,183,0,0
49,184,0,0
49,185,10000,2
49,186,0,0
49,187,0,0
49,188,0,0
49,189,0,0
49,190,710,0
49,191,0,0
49,192,0,0
49,193,0,0
49,194,0,0
49,195,0,0
49,196,5000,2
49,197,0,0
49,198,0,0
49,199,0,0
49,200,715,0
49,201,0,0
49,202,178,3
49,203,0,0
49,204,0,0
49,205,0,0
49,206,0,0
49,207,0,0
49,208,7530,2
49,209,0,0
50,171,0,0
50,172,0,0
50,173,0,0
50,174,0,0
50,175,0,0
50,176,0,0
50,177,0,0
50,178,0,0
50,179,0,0
50,180,1560000,1400
50,181,7,7
50,182,0,0
50,183,0,0
50,184,0,0
50,185,0,0
50,186,0,0
50,187,2010,12
50,188,3,3
50,189,0,0
50,190,0,0
50,191,0,0
50,192,0,0
50,193,0,0
50,194,0,0
50,195,0,0
50,196,2840,11
50,197,25000,24
50,198,0,0
50,199,976000,347
50,200,0,0
50,201,0,0
50,202,3,3
50,203,0,0
50,204,10000,8
50,205,14300,15
50,206,1010,9
50,207,0,0
50,208,143000,163
50,209,17000,13
52,171,0,0
52,172,0,0
52,173,0,0
52,174,0,0
52,175,0,0
52,176,0,0
52,177,0,0
52,178,0,0
52,179,0,0
52,180,15000,3
52,181,0,0
52,182,0,0
52,183,0,0
52,184,0,0
52,185,0,0
52,186,0,0
52,187,0,0
52,188,41,30
52,189,0,0
52,190,0,0
52,191,0,0
52,192,0,0
52,193,0,0
52,194,0,0
52,195,0,0
52,196,0,0
52,197,0,0
52,198,78,18
52,199,0,0
52,200,0,0
52,201,0,0
52,202,0,0
52,203,0,0
52,204,0,0
52,205,55,13
52,206,0,0
52,207,0,0
52,208,0,0
52,209,0,0
53,171,0,0
53,172,0,0
53,173,0,0
53,174,0,0
53,175,0,0
53,176,0,0
53,177,0,0
53,178,0,0
53,179,0,0
53,180,0,0
53,181,0,0
53,182,0,0
53,183,0,0
53,184,0,0
53,185,0,0
53,186,0,0
53,187,0,0
53,188,0,0
53,189,0,0
53,190,0,0
53,191,0,0
53,192,0,0
53,193,0,0
53,194,0,0
53,195,0,0
53,196,0,0
53,197,12,12
53,198,2000,4
53,199,84500,475
53,200,0,0
53,201,101,1
53,202,0,0
53,203,500,0
53,204,0,0
53,205,0,0
53,206,72200,69
53,207,0,0
53,208,2800,0
53,209,0,0
55,171,0,0
55,172,0,0
55,173,0,0
55,174,0,0
55,175,0,0
55,176,0,0
55,177,0,0
55,178,0,0
55,179,0,0
55,180,0,0
55,181,0,0
55,182,0,0
55,183,0,0
55,184,0,0
55,185,0,0
55,186,0,0
55,187,0,0
55,188,0,0
55,189,0,0
55,190,0,0
55,191,0,0
55,192,0,0
55,193,0,0
55,194,15700,3
55,195,0,0
55,196,0,0
55,197,0,0
55,198,0,0
55,199,0,0
55,200,0,0
55,201,0,0
55,202,0,0
55,203,0,0
55,204,0,0
55,205,0,0
55,206,0,0
55,207,0,0
55,208,0,0
55,209,0,0
56,171,0,0
56,172,0,0
56,173,0,0
56,174,0,0
56,175,0,0
56,176,0,0
56,177,0,0
56,178,0,0
56,179,0,0
56,180,0,0
56,181,0,0
56,182,0,0
56,183,0,0
56,184,0,0
56,185,0,0
56,186,0,0
56,187,0,0
56,188,0,0
56,189,0,0
56,190,0,0
56,191,0,0
56,192,0,0
56,193,0,0
56,194,0,0
56,195,0,0
56,196,0,0
56,197,0,0
56,198,0,0
56,199,0,0
56,200,0,0
56,201,0,0
56,202,0,0
56,203,0,0
56,204,0,0
56,205,0,0
56,206,100,0
56,207,0,0
56,208,0,0
56,209,0,0
58,171,0,0
58,172,0,0
58,173,120000,3
58,174,6210,59
58,175,0,0
58,176,23000,0
58,177,0,0
58,178,0,0
58,179,0,0
58,180,36000,53
58,181,35300,18
58,182,4700,0
58,183,0,0
58,184,211000,9
58,185,0,0
58,186,122000,32
58,187,3000,1
58,188,3370,1
58,189,0,0
58,190,0,0
58,191,6000,0
58,192,0,0
58,193,2000,1
58,194,160000,21
58,195,0,0
58,196,0,0
58,197,0,0
58,198,3530,25
58,199,0,0
58,200,1780,12
58,201,0,0
58,202,1,1
58,203,0,0
58,204,30000,17
58,205,5020,16
58,206,0,0
58,207,168,0
58,208,70,1
58,209,7,7
59,171,0,0
59,172,0,0
59,173,0,0
59,174,0,0
59,175,0,0
59,176,0,0
59,177,0,0
59,178,0,0
59,179,0,0
59,180,0,0
59,181,0,0
59,182,0,0
59,183,0,0
59,184,0,0
59,185,0,0
59,186,0,0
59,187,0,0
59,188,0,0
59,189,0,0
59,190,0,0
59,191,0,0
59,192,0,0
59,193,0,0
59,194,0,0
59,195,0,0
59,196,0,0
59,197,0,0
59,198,0,0
59,199,0,0
59,200,0,0
59,201,0,0
59,202,0,0
59,203,0,0
59,204,0,0
59,205,0,0
59,206,0,0
59,207,0,0
59,208,0,0
59,209,0,0
60,171,0,0
60,172,0,0
60,173,0,0
60,174,0,0
60,175,0,0
60,176,0,0
60,177,0,0
60,178,0,0
60,179,0,0
60,180,0,0
60,181,0,0
60,182,0,0
60,183,12,12
60,184,11,11
60,185,4,4
60,186,0,0
60,187,0,0
60,188,4,4
60,189,0,0
60,190,9,9
60,191,43,43
60,192,0,0
60,193,2050,48
60,194,1730,12
60,195,0,0
60,196,5020,16
60,197,1,1
60,198,0,0
60,199,696,6
60,200,3500000,103
60,201,213,6
60,202,434,14
60,203,258,5
60,204,76,6
60,205,11,11
60,206,0,0
60,207,607,5
60,208,905,5
60,209,2710,3
62,171,0,0
62,172,0,0
62,173,0,0
62,174,0,0
62,175,0,0
62,176,0,0
62,177,0,0
62,178,0,0
62,179,0,0
62,180,0,0
62,181,0,0
62,182,0,0
62,183,0,0
62,184,0,0
62,185,0,0
62,186,0,0
62,187,0,0
62,188,0,0
62,189,0,0
62,190,0,0
62,191,0,0
62,192,0,0
62,193,0,0
62,194,0,0
62,195,0,0
62,196,0,0
62,197,0,0
62,198,0,0
62,199,0,0
62,200,0,0
62,201,0,0
62,202,0,0
62,203,0,0
62,204,8020,3
62,205,6140,2
62,206,0,0
62,207,0,0
62,208,0,0
62,209,300,0
63,171,0,0
63,172,0,0
63,173,0,0
63,174,0,0
63,175,0,0
63,176,0,0
63,177,0,0
63,178,0,0
63,179,0,0
63,180,0,0
63,181,0,0
63,182,0,0
63,183,0,0
63,184,0,0
63,185,0,0
63,186,0,0
63,187,0,0
63,188,0,0
63,189,0,0
63,190,0,0
63,191,0,0
63,192,0,0
63,193,0,0
63,194,0,0
63,195,0,0
63,196,0,0
63,197,0,0
63,198,0,0
63,199,0,0
63,200,0,0
63,201,0,0
63,202,900,0
63,203,0,0
63,204,0,0
63,205,0,0
63,206,0,0
63,207,0,0
63,208,0,0
63,209,0,0
64,171,0,0
64,172,0,0
64,173,0,0
64,174,0,0
64,175,0,0
64,176,0,0
64,177,0,0
64,178,0,0
64,179,0,0
64,180,0,0
64,181,0,0
64,182,0,0
64,183,0,0
64,184,0,0
64,185,0,0
64,186,0,0
64,187,0,0
64,188,0,0
64,189,0,0
64,190,0,0
64,191,64,64
64,192,0,0
64,193,0,0
64,194,6,6
64,195,11,11
64,196,30000,5
64,197,0,0
64,198,0,0
64,199,18,3
64,200,18,18
64,201,0,0
64,202,6,6
64,203,41,22
64,204,15,15
64,205,2,2
64,206,4,2
64,207,311,11
64,208,148,18
64,209,5,5
66,171,0,0
66,172,0,0
66,173,0,0
66,174,0,0
66,175,0,0
66,176,0,0
66,177,0,0
66,178,0,0
66,179,0,0
66,180,0,0
66,181,0,0
66,182,0,0
66,183,0,0
66,184,0,0
66,185,0,0
66,186,0,0
66,187,0,0
66,188,48,48
66,189,0,0
66,190,0,0
66,191,3,3
66,192,0,0
66,193,0,0
66,194,0,0
66,195,0,0
66,196,0,0
66,197,0,0
66,198,0,0
66,199,0,0
66,200,0,0
66,201,0,0
66,202,0,0
66,203,14,2
66,204,0,0
66,205,0,0
66,206,0,0
66,207,603,3
66,208,0,0
66,209,0,0
67,171,0,0
67,172,0,0
67,173,0,0
67,174,0,0
67,175,0,0
67,176,0,0
67,177,0,0
67,178,0,0
67,179,0,0
67,180,0,0
67,181,0,0
67,182,0,0
67,183,0,0
67,184,0,0
67,185,0,0
67,186,0,0
67,187,0,0
67,188,0,0
67,189,0,0
67,190,0,0
67,191,1000,0
67,192,0,0
67,193,0,0
67,194,0,0
67,195,0,0
67,196,0,0
67,197,0,0
67,198,0,0
67,199,0,0
67,200,210,0
67,201,0,0
67,202,0,0
67,203,0,0
67,204,0,0
67,205,60000,39
67,206,1650,1
67,207,0,0
67,208,0,0
67,209,0,0
68,171,0,0
68,172,0,0
68,173,0,0
68,174,0,0
68,175,0,0
68,176,0,0
68,177,0,0
68,178,0,0
68,179,0,0
68,180,0,0
68,181,0,0
68,182,0,0
68,183,0,0
68,184,0,0
68,185,0,0
68,186,0,0
68,187,0,0
68,188,0,0
68,189,0,0
68,190,0,0
68,191,0,0
68,192,0,0
68,193,0,0
68,194,0,0
68,195,0,0
68,196,0,0
68,197,0,0
68,198,0,0
68,199,106000,384
68,200,0,0
68,201,0,0
68,202,6450,8
68,203,1500,2
68,204,0,0
68,205,0,0
68,206,477000,1510
68,207,0,0
68,208,3910,0
68,209,17,17
69,171,0,0
69,172,0,0
69,173,0,0
69,174,0,0
69,175,0,0
69,176,0,0
69,177,0,0
69,178,0,0
69,179,0,0
69,180,0,0
69,181,0,0
69,182,0,0
69,183,0,0
69,184,0,0
69,185,0,0
69,186,0,0
69,187,0,0
69,188,0,0
69,189,0,0
69,190,0,0
69,191,0,0
69,192,0,0
69,193,0,0
69,194,0,0
69,195,0,0
69,196,0,0
69,197,0,0
69,198,0,0
69,199,0,0
69,200,0,0
69,201,4,4
69,202,0,0
69,203,0,0
69,204,0,0
69,205,0,0
69,206,0,0
69,207,0,0
69,208,0,0
69,209,0,0
70,171,0,0
70,172,0,0
70,173,0,0
70,174,0,0
70,175,0,0
70,176,0,0
70,177,0,0
70,178,0,0
70,179,0,0
70,180,0,0
70,181,0,0
70,182,0,0
70,183,0,0
70,184,0,0
70,185,0,0
70,186,0,0
70,187,0,0
70,188,3700,1
70,189,0,0
70,190,0,0
70,191,0,0
70,192,0,0
70,193,0,0
70,194,1720,0
70,195,0,0
70,196,0,0
70,197,0,0
70,198,0,0
70,199,0,0
70,200,0,0
70,201,0,0
70,202,0,0
70,203,0,0
70,204,0,0
70,205,0,0
70,206,0,0
70,207,0,0
70,208,0,0
70,209,0,0
72,171,0,0
72,172,0,0
72,173,0,0
72,174,0,0
72,175,0,0
72,176,0,0
72,177,0,0
72,178,0,0
72,179,0,0
72,180,1120,8
72,181,1170000,220
72,182,0,0
72,183,0,0
72,184,0,0
72,185,0,0
72,186,0,0
72,187,0,0
72,188,0,0
72,189,870000,54
72,190,0,0
72,191,0,0
72,192,0,0
72,193,0,0
72,194,0,0
72,195,1590000,1120
72,196,0,0
72,197,181,66
72,198,0,0
72,199,12200,190
72,200,0,0
72,201,0,0
72,202,0,0
72,203,254,4
72,204,181,26
72,205,325000,2760
72,206,28100,71
72,207,15000,5
72,208,115000,102
72,209,247000,698
74,171,0,0
74,172,0,0
74,173,0,0
74,174,0,0
74,175,608000,8000
74,176,0,0
74,177,0,0
74,178,0,0
74,179,7500,0
74,180,0,0
74,181,0,0
74,182,0,0
74,183,20100,130
74,184,0,0
74,185,0,0
74,186,0,0
74,187,0,0
74,188,0,0
74,189,12,0
74,190,0,0
74,191,0,0
74,192,0,0
74,193,0,0
74,194,0,0
74,195,0,0
74,196,40,18
74,197,1,1
74,198,0,0
74,199,2130000,14600
74,200,0,0
74,201,0,0
74,202,86300,21
74,203,0,0
74,204,0,0
74,205,0,0
74,206,104000,53
74,207,0,0
74,208,19500,1
74,209,0,0
75,171,0,0
75,172,0,0
75,173,0,0
75,174,0,0
75,175,0,0
75,176,0,0
75,177,0,0
75,178,0,0
75,179,0,0
75,180,0,0
75,181,0,0
75,182,0,0
75,183,0,0
75,184,0,0
75,185,4,4
75,186,0,0
75,187,0,0
75,188,0,0
75,189,0,0
75,190,0,0
75,191,0,0
75,192,0,0
75,193,0,0
75,194,0,0
75,195,0,0
75,196,0,0
75,197,0,0
75,198,0,0
75,199,0,0
75,200,40,40
75,201,0,0
75,202,0,0
75,203,0,0
75,204,7,7
75,205,0,0
75,206,4,4
75,207,305,5
75,208,0,0
75,209,0,0
77,171,2000,0
77,172,6910000,9720
77,173,4530000,230
77,174,0,0
77,175,25100,20
77,176,2500,501
77,177,600000,270
77,178,14500000,14200
77,179,4010,811
77,180,1610000,594
77,181,153,153
77,182,133000,805
77,183,5300000,744
77,184,1560000,782
77,185,1340000,524
77,186,105000,178
77,187,3300000,390
77,188,80200,166
77,189,1900000,74
77,190,3700000,93
77,191,4100000,1840
77,192,25100,125
77,193,185,85
77,194,72700,186
77,195,429000,219
77,196,12200,222
77,197,9180000,1540
77,198,25,25
77,199,4670000,3470
77,200,13900000,10400
77,201,30000,0
77,202,27100,99
77,203,15400,144
77,204,532000,164
77,205,0,0
77,206,68700,82
77,207,151000,190
77,208,0,0
77,209,0,0
78,171,0,0
78,172,0,0
78,173,0,0
78,174,1650,1650
78,175,2010,10
78,176,0,0
78,177,25,25
78,178,3060,1
78,179,0,0
78,180,0,0
78,181,800,0
78,182,0,0
78,183,125,2
78,184,0,0
78,185,0,0
78,186,10000,0
78,187,0,0
78,188,0,0
78,189,0,0
78,190,0,0
78,191,0,0
78,192,0,0
78,193,0,0
78,194,0,0
78,195,0,0
78,196,0,0
78,197,0,0
78,198,0,0
78,199,0,0
78,200,0,0
78,201,0,0
78,202,0,0
78,203,0,0
78,204,0,0
78,205,3720,4
78,206,0,0
78,207,0,0
78,208,0,0
78,209,0,0
79,171,0,0
79,172,0,0
79,173,60,60
79,174,0,0
79,175,0,0
79,176,14,14
79,177,0,0
79,178,0,0
79,179,0,0
79,180,0,0
79,181,0,0
79,182,200,200
79,183,0,0
79,184,0,0
79,185,0,0
79,186,0,0
79,187,0,0
79,188,0,0
79,189,0,0
79,190,0,0
79,191,0,0
79,192,22,22
79,193,3700,0
79,194,0,0
79,195,0,0
79,196,0,0
79,197,94,9
79,198,0,0
79,199,0,0
79,200,0,0
79,201,5500,3
79,202,0,0
79,203,0,0
79,204,0,0
79,205,2500,0
79,206,8000,0
79,207,0,0
79,208,160000,12
79,209,28,28
81,171,0,0
81,172,0,0
81,173,0,0
81,174,0,0
81,175,0,0
81,176,0,0
81,177,0,0
81,178,0,0
81,179,0,0
81,180,0,0
81,181,0,0
81,182,0,0
81,183,0,0
81,184,10,10
81,185,0,0
81,186,0,0
81,187,11,11
81,188,0,0
81,189,0,0
81,190,0,0
81,191,2,2
81,192,0,0
81,193,0,0
81,194,0,0
81,195,0,0
81,196,0,0
81,197,2,2
81,198,0,0
81,199,2,2
81,200,8,8
81,201,1,1
81,202,0,0
81,203,0,0
81,204,0,0
81,205,200,0
81,206,0,0
81,207,0,0
81,208,0,0
81,209,0,0
82,171,0,0
82,172,0,0
82,173,0,0
82,174,0,0
82,175,0,0
82,176,0,0
82,177,0,0
82,178,0,0
82,179,0,0
82,180,0,0
82,181,0,0
82,182,0,0
82,183,0,0
82,184,0,0
82,185,0,0
82,186,0,0
82,187,0,0
82,188,0,0
82,189,0,0
82,190,0,0
82,191,0,0
82,192,5,5
82,193,0,0
82,194,0,0
82,195,0,0
82,196,0,0
82,197,0,0
82,198,0,0
82,199,0,0
82,200,0,0
82,201,413,3
82,202,0,0
82,203,0,0
82,204,0,0
82,205,0,0
82,206,0,0
82,207,0,0
82,208,0,0
82,209,0,0
83,171,235,35
83,172,0,0
83,173,0,0
83,174,5040,38
83,175,0,0
83,176,0,0
83,177,0,0
83,178,0,0
83,179,20,1
83,180,0,0
83,181,0,0
83,182,0,0
83,183,0,0
83,184,0,0
83,185,0,0
83,186,0,0
83,187,0,0
83,188,33,33
83,189,0,0
83,190,0,0
83,191,6,6
83,192,0,0
83,193,0,0
83,194,1010,8
83,195,103,3
83,196,0,0
83,197,0,0
83,198,22,22
83,199,0,0
83,200,0,0
83,201,0,0
83,202,0,0
83,203,0,0
83,204,0,0
83,205,0,0
83,206,0,0
83,207,1,1
83,208,0,0
83,209,0,0
84,171,0,0
84,172,0,0
84,173,0,0
84,174,2520,6
84,175,0,0
84,176,0,0
84,177,0,0
84,178,0,0
84,179,0,0
84,180,0,0
84,181,30000,6
84,182,0,0
84,183,0,0
84,184,0,0
84,185,0,0
84,186,307,7
84,187,0,0
84,188,0,0
84,189,810000,49
84,190,0,0
84,191,0,0
84,192,0,0
84,193,0,0
84,194,0,0
84,195,4,4
84,196,0,0
84,197,800,0
84,198,0,0
84,199,0,0
84,200,0,0
84,201,0,0
84,202,201,1
84,203,1500,4
84,204,0,0
84,205,350000,16
84,206,10400,6
84,207,0,0
84,208,33200,5
84,209,4010,13
85,171,0,0
85,172,135,135
85,173,50,50
85,174,101,101
85,175,334,284
85,176,243,68
85,177,325000,169
85,178,13100,32
85,179,3110,6
85,180,71,71
85,181,17000,7
85,182,82800,163
85,183,149000,218
85,184,253,175
85,185,0,0
85,186,30300,49
85,187,2380,17
85,188,65000,8
85,189,0,0
85,190,15,15
85,191,148000,40
85,192,91200,101
85,193,445,11
85,194,30600,113
85,195,130,3
85,196,503,3
85,197,5740,6
85,198,67000,7
85,199,49900,41
85,200,27400,26
85,201,193000,13
85,202,9910,22
85,203,101000,7
85,204,2420,21
85,205,331000,287
85,206,273000,135
85,207,12900,20
85,208,41000,13
85,209,0,0
86,171,0,0
86,172,0,0
86,173,0,0
86,174,0,0
86,175,0,0
86,176,0,0
86,177,0,0
86,178,0,0
86,179,0,0
86,180,0,0
86,181,0,0
86,182,0,0
86,183,0,0
86,184,0,0
86,185,0,0
86,186,0,0
86,187,0,0
86,188,0,0
86,189,0,0
86,190,0,0
86,191,0,0
86,192,2,2
86,193,0,0
86,194,0,0
86,195,0,0
86,196,0,0
86,197,0,0
86,198,0,0
86,199,0,0
86,200,0,0
86,201,209,9
86,202,0,0
86,203,30,5
86,204,0,0
86,205,0,0
86,206,0,0
86,207,0,0
86,208,0,0
86,209,0,0
87,171,0,0
87,172,0,0
87,173,0,0
87,174,0,0
87,175,0,0
87,176,0,0
87,177,0,0
87,178,0,0
87,179,0,0
87,180,0,0
87,181,0,0
87,182,0,0
87,183,0,0
87,184,0,0
87,185,0,0
87,186,0,0
87,187,0,0
87,188,0,0
87,189,0,0
87,190,0,0
87,191,0,0
87,192,0,0
87,193,0,0
87,194,0,0
87,195,0,0
87,196,112,112
87,197,0,0
87,198,0,0
87,199,0,0
87,200,0,0
87,201,0,0
87,202,0,0
87,203,0,0
87,204,0,0
87,205,0,0
87,206,0,0
87,207,0,0
87,208,0,0
87,209,0,0
88,171,0,0
88,172,0,0
88,173,0,0
88,174,0,0
88,175,0,0
88,176,0,0
88,177,0,0
88,178,0,0
88,179,0,0
88,180,0,0
88,181,0,0
88,182,0,0
88,183,0,0
88,184,0,0
88,185,0,0
88,186,0,0
88,187,0,0
88,188,0,0
88,189,50,50
88,190,0,0
88,191,0,0
88,192,0,0
88,193,0,0
88,194,0,0
88,195,0,0
88,196,0,0
88,197,0,0
88,198,0,0
88,199,0,0
88,200,0,0
88,201,0,0
88,202,0,0
88,203,0,0
88,204,0,0
88,205,0,0
88,206,0,0
88,207,0,0
88,208,0,0
88,209,0,0
89,171,0,0
89,172,0,0
89,173,703,3
89,174,0,0
89,175,0,0
89,176,0,0
89,177,0,0
89,178,0,0
89,179,0,0
89,180,0,0
89,181,0,0
89,182,0,0
89,183,0,0
89,184,0,0
89,185,0,0
89,186,0,0
89,187,0,0
89,188,0,0
89,189,0,0
89,190,0,0
89,191,0,0
89,192,0,0
89,193,0,0
89,194,0,0
89,195,0,0
89,196,0,0
89,197,0,0
89,198,0,0
89,199,0,0
89,200,0,0
89,201,0,0
89,202,0,0
89,203,0,0
89,204,0,0
89,205,0,0
89,206,0,0
89,207,0,0
89,208,0,0
89,209,0,0
91,171,0,0
91,172,0,0
91,173,0,0
91,174,0,0
91,175,0,0
91,176,0,0
91,177,0,0
91,178,0,0
91,179,0,0
91,180,0,0
91,181,0,0
91,182,0,0
91,183,0,0
91,184,0,0
91,185,0,0
91,186,0,0
91,187,0,0
91,188,0,0
91,189,0,0
91,190,0,0
91,191,0,0
91,192,0,0
91,193,0,0
91,194,0,0
91,195,0,0
91,196,0,0
91,197,0,0
91,198,0,0
91,199,0,0
91,200,0,0
91,201,0,0
91,202,0,0
91,203,0,0
91,204,0,0
91,205,0,0
91,206,0,0
91,207,9080,4
91,208,0,0
91,209,0,0
92,171,0,0
92,172,0,0
92,173,0,0
92,174,0,0
92,175,0,0
92,176,0,0
92,177,0,0
92,178,0,0
92,179,0,0
92,180,0,0
92,181,0,0
92,182,0,0
92,183,0,0
92,184,0,0
92,185,0,0
92,186,0,0
92,187,0,0
92,188,0,0
92,189,0,0
92,190,0,0
92,191,0,0
92,192,38300,0
92,193,269000,22
92,194,128,8
92,195,0,0
92,196,1000000,26
92,197,0,0
92,198,0,0
92,199,0,0
92,200,0,0
92,201,0,0
92,202,0,0
92,203,0,0
92,204,0,0
92,205,0,0
92,206,0,0
92,207,0,0
92,208,0,0
92,209,0,0
93,171,0,0
93,172,0,0
93,173,0,0
93,174,0,0
93,175,0,0
93,176,0,0
93,177,0,0
93,178,0,0
93,179,0,0
93,180,0,0
93,181,0,0
93,182,0,0
93,183,0,0
93,184,0,0
93,185,0,0
93,186,0,0
93,187,0,0
93,188,0,0
93,189,0,0
93,190,0,0
93,191,0,0
93,192,0,0
93,193,0,0
93,194,0,0
93,195,0,0
93,196,0,0
93,197,0,0
93,198,0,0
93,199,0,0
93,200,6,6
93,201,0,0
93,202,0,0
93,203,0,0
93,204,0,0
93,205,0,0
93,206,0,0
93,207,0,0
93,208,0,0
93,209,0,0
94,171,0,0
94,172,0,0
94,173,0,0
94,174,0,0
94,175,0,0
94,176,0,0
94,177,0,0
94,178,0,0
94,179,0,0
94,180,0,0
94,181,0,0
94,182,0,0
94,183,0,0
94,184,0,0
94,185,0,0
94,186,0,0
94,187,0,0
94,188,0,0
94,189,0,0
94,190,0,0
94,191,0,0
94,192,0,0
94,193,104000,25
94,194,0,0
94,195,0,0
94,196,0,0
94,197,0,0
94,198,0,0
94,199,0,0
94,200,0,0
94,201,0,0
94,202,0,0
94,203,500,0
94,204,0,0
94,205,0,0
94,206,0,0
94,207,0,0
94,208,0,0
94,209,0,0
95,171,0,0
95,172,0,0
95,173,0,0
95,174,0,0
95,175,0,0
95,176,0,0
95,177,0,0
95,178,0,0
95,179,0,0
95,180,0,0
95,181,0,0
95,182,0,0
95,183,0,0
95,184,0,0
95,185,0,0
95,186,0,0
95,187,0,0
95,188,0,0
95,189,0,0
95,190,0,0
95,191,0,0
95,192,0,0
95,193,0,0
95,194,0,0
95,195,0,0
95,196,0,0
95,197,250,0
95,198,0,0
95,199,0,0
95,200,0,0
95,201,0,0
95,202,2000,1
95,203,0,0
95,204,0,0
95,205,0,0
95,206,0,0
95,207,0,0
95,208,0,0
95,209,4500,0
96,171,0,0
96,172,0,0
96,173,0,0
96,174,0,0
96,175,0,0
96,176,0,0
96,177,0,0
96,178,0,0
96,179,0,0
96,180,0,0
96,181,0,0
96,182,0,0
96,183,0,0
96,184,0,0
96,185,0,0
96,186,0,0
96,187,0,0
96,188,0,0
96,189,0,0
96,190,0,0
96,191,0,0
96,192,0,0
96,193,0,0
96,194,0,0
96,195,0,0
96,196,2000,0
96,197,0,0
96,198,0,0
96,199,0,0
96,200,0,0
96,201,0,0
96,202,0,0
96,203,0,0
96,204,0,0
96,205,0,0
96,206,0,0
96,207,0,0
96,208,3500,0
96,209,0,0
99,171,0,0
99,172,0,0
99,173,0,0
99,174,0,0
99,175,0,0
99,176,0,0
99,177,0,0
99,178,0,0
99,179,0,0
99,180,0,0
99,181,0,0
99,182,0,0
99,183,0,0
99,184,0,0
99,185,0,0
99,186,0,0
99,187,0,0
99,188,0,0
99,189,0,0
99,190,0,0
99,191,0,0
99,192,0,0
99,193,0,0
99,194,780000,6
99,195,0,0
99,196,0,0
99,197,0,0
99,198,0,0
99,199,0,0
99,200,2,2
99,201,0,0
99,202,0,0
99,203,0,0
99,204,0,0
99,205,0,0
99,206,0,0
99,207,0,0
99,208,0,0
99,209,0,0
100,171,0,0
100,172,0,0
100,173,0,0
100,174,0,0
100,175,0,0
100,176,0,0
100,177,0,0
100,178,0,0
100,179,0,0
100,180,0,0
100,181,0,0
100,182,0,0
100,183,0,0
100,184,0,0
100,185,0,0
100,186,0,0
100,187,0,0
100,188,0,0
100,189,0,0
100,190,0,0
100,191,0,0
100,192,0,0
100,193,0,0
100,194,0,0
100,195,0,0
100,196,0,0
100,197,0,0
100,198,0,0
100,199,0,0
100,200,0,0
100,201,0,0
100,202,0,0
100,203,0,0
100,204,0,0
100,205,0,0
100,206,0,0
100,207,0,0
100,208,0,0
100,209,0,0
101,171,0,0
101,172,0,0
101,173,0,0
101,174,0,0
101,175,0,0
101,176,0,0
101,177,0,0
101,178,0,0
101,179,0,0
101,180,0,0
101,181,0,0
101,182,0,0
101,183,0,0
101,184,0,0
101,185,0,0
101,186,0,0
101,187,0,0
101,188,0,0
101,189,0,0
101,190,0,0
101,191,0,0
101,192,0,0
101,193,0,0
101,194,0,0
101,195,0,0
101,196,0,0
101,197,0,0
101,198,0,0
101,199,0,0
101,200,0,0
101,201,0,0
101,202,0,0
101,203,0,0
101,204,0,0
101,205,0,0
101,206,4,1
101,207,0,0
101,208,0,0
101,209,0,0
102,171,10100,70
102,172,0,0
102,173,2510000,91
102,174,0,0
102,175,0,0
102,176,10100,7
102,177,509000,16
102,178,30000,10
102,179,18100,70
102,180,0,0
102,181,0,0
102,182,118000,107
102,183,70100,92
102,184,13600,42
102,185,100000,68
102,186,0,0
102,187,84400,99
102,188,0,0
102,189,0,0
102,190,55400,46
102,191,0,0
102,192,250000,36
102,193,0,0
102,194,0,0
102,195,540000,212
102,196,0,0
102,197,100000,9
102,198,600000,174
102,199,0,0
102,200,0,0
102,201,1110000,153
102,202,0,0
102,203,528000,23
102,204,163000,89
102,205,1030000,395
102,206,8060,78
102,207,6520,4
102,208,223000,84
102,209,533000,105
103,171,0,0
103,172,0,0
103,173,0,0
103,174,0,0
103,175,0,0
103,176,0,0
103,177,0,0
103,178,0,0
103,179,0,0
103,180,0,0
103,181,0,0
103,182,0,0
103,183,0,0
103,184,0,0
103,185,0,0
103,186,0,0
103,187,0,0
103,188,0,0
103,189,0,0
103,190,0,0
103,191,0,0
103,192,0,0
103,193,0,0
103,194,0,0
103,195,0,0
103,196,0,0
103,197,0,0
103,198,0,0
103,199,0,0
103,200,0,0
103,201,0,0
103,202,0,0
103,203,0,0
103,204,0,0
103,205,0,0
103,206,19,11
103,207,0,0
103,208,0,0
103,209,0,0
104,171,0,0
104,172,0,0
104,173,0,0
104,174,0,0
104,175,0,0
104,176,0,0
104,177,0,0
104,178,0,0
104,179,0,0
104,180,0,0
104,181,0,0
104,182,0,0
104,183,0,0
104,184,0,0
104,185,0,0
104,186,0,0
104,187,0,0
104,188,0,0
104,189,0,0
104,190,0,0
104,191,0,0
104,192,0,0
104,193,0,0
104,194,0,0
104,195,0,0
104,196,0,0
104,197,4450,270
104,198,2120,2
104,199,0,0
104,200,0,0
104,201,500,0
104,202,0,0
104,203,157,2
104,204,0,0
104,205,41000,1
104,206,0,0
104,207,0,0
104,208,0,0
104,209,0,0
105,171,0,0
105,172,0,0
105,173,0,0
105,174,0,0
105,175,0,0
105,176,0,0
105,177,0,0
105,178,0,0
105,179,0,0
105,180,0,0
105,181,0,0
105,182,0,0
105,183,0,0
105,184,0,0
105,185,0,0
105,186,0,0
105,187,0,0
105,188,0,0
105,189,0,0
105,190,0,0
105,191,0,0
105,192,23900,0
105,193,0,0
105,194,0,0
105,195,0,0
105,196,0,0
105,197,0,0
105,198,0,0
105,199,0,0
105,200,0,0
105,201,0,0
105,202,0,0
105,203,0,0
105,204,0,0
105,205,0,0
105,206,0,0
105,207,0,0
105,208,0,0
105,209,0,0
108,171,0,0
108,172,0,0
108,173,0,0
108,174,0,0
108,175,0,0
108,176,0,0
108,177,0,0
108,178,0,0
108,179,0,0
108,180,0,0
108,181,0,0
108,182,0,0
108,183,0,0
108,184,0,0
108,185,0,0
108,186,0,0
108,187,0,0
108,188,0,0
108,189,0,0
108,190,0,0
108,191,0,0
108,192,6000,0
108,193,0,0
108,194,0,0
108,195,0,0
108,196,0,0
108,197,0,0
108,198,0,0
108,199,0,0
108,200,0,0
108,201,0,0
108,202,0,0
108,203,0,0
108,204,0,0
108,205,0,0
108,206,0,0
108,207,0,0
108,208,0,0
108,209,0,0
109,171,0,0
109,172,0,0
109,173,0,0
109,174,0,0
109,175,0,0
109,176,0,0
109,177,0,0
109,178,0,0
109,179,0,0
109,180,0,0
109,181,0,0
109,182,0,0
109,183,0,0
109,184,0,0
109,185,0,0
109,186,0,0
109,187,0,0
109,188,0,0
109,189,0,0
109,190,0,0
109,191,0,0
109,192,304,4
109,193,0,0
109,194,0,0
109,195,0,0
109,196,0,0
109,197,0,0
109,198,0,0
109,199,0,0
109,200,178,1
109,201,0,0
109,202,0,0
109,203,0,0
109,204,0,0
109,205,0,0
109,206,0,0
109,207,0,0
109,208,0,0
109,209,0,0
110,171,0,0
110,172,0,0
110,173,25000,2
110,174,0,0
110,175,0,0
110,176,826000,9
110,177,0,0
110,178,0,0
110,179,0,0
110,180,105000,5
110,181,0,0
110,182,0,0
110,183,32500,0
110,184,352,1
110,185,0,0
110,186,0,0
110,187,0,0
110,188,0,0
110,189,0,0
110,190,4510,1
110,191,0,0
110,192,7500,0
110,193,0,0
110,194,0,0
110,195,2300,2
110,196,0,0
110,197,3,3
110,198,0,0
110,199,0,0
110,200,1000,0
110,201,0,0
110,202,0,0
110,203,1050,3
110,204,0,0
110,205,0,0
110,206,0,0
110,207,0,0
110,208,2,2
110,209,0,0
111,171,0,0
111,172,17,17
111,173,0,0
111,174,0,0
111,175,13,13
111,176,29,29
111,177,577000,720
111,178,50000,10
111,179,0,0
111,180,0,0
111,181,0,0
111,182,100,100
111,183,50200,225
111,184,283000,275
111,185,10000,4
111,186,0,0
111,187,0,0
111,188,0,0
111,189,125000,288
111,190,0,0
111,191,38,38
111,192,10000,13
111,193,10000,3
111,194,77000,38
111,195,0,0
111,196,67000,170
111,197,19900,16
111,198,805000,242
111,199,5720,255
111,200,4010,9
111,201,30300,31
111,202,6410,5
111,203,510000,16
111,204,9000,4
111,205,20,20
111,206,2970000,47
111,207,271000,15
111,208,203000,20
111,209,500000,2
112,171,0,0
112,172,0,0
112,173,0,0
112,174,0,0
112,175,0,0
112,176,0,0
112,177,0,0
112,178,0,0
112,179,0,0
112,180,0,0
112,181,0,0
112,182,0,0
112,183,0,0
112,184,0,0
112,185,0,0
112,186,0,0
112,187,0,0
112,188,208,5
112,189,0,0
112,190,0,0
112,191,0,0
112,192,0,0
112,193,0,0
112,194,0,0
112,195,0,0
112,196,0,0
112,197,0,0
112,198,0,0
112,199,0,0
112,200,0,0
112,201,0,0
112,202,0,0
112,203,1670,47
112,204,1000,0
112,205,6010,1
112,206,0,0
112,207,0,0
112,208,0,0
112,209,0,0
113,171,0,0
113,172,0,0
113,173,0,0
113,174,0,0
113,175,0,0
113,176,0,0
113,177,0,0
113,178,0,0
113,179,0,0
113,180,0,0
113,181,0,0
113,182,0,0
113,183,0,0
113,184,0,0
113,185,0,0
113,186,0,0
113,187,0,0
113,188,0,0
113,189,0,0
113,190,0,0
113,191,0,0
113,192,0,0
113,193,0,0
113,194,0,0
113,195,25600,3
113,196,0,0
113,197,0,0
113,198,0,0
113,199,0,0
113,200,0,0
113,201,2600000,0
113,202,0,0
113,203,0,0
113,204,0,0
113,205,0,0
113,206,0,0
113,207,0,0
113,208,0,0
113,209,0,0
115,171,0,0
115,172,0,0
115,173,0,0
115,174,0,0
115,175,0,0
115,176,0,0
115,177,0,0
115,178,0,0
115,179,0,0
115,180,0,0
115,181,0,0
115,182,0,0
115,183,0,0
115,184,0,0
115,185,0,0
115,186,0,0
115,187,0,0
115,188,0,0
115,189,0,0
115,190,0,0
115,191,36,36
115,192,6,6
115,193,0,0
115,194,100000,7
115,195,0,0
115,196,0,0
115,197,0,0
115,198,0,0
115,199,0,0
115,200,0,0
115,201,1070000,23
115,202,175000,16
115,203,665000,3
115,204,0,0
115,205,0,0
115,206,0,0
115,207,0,0
115,208,0,0
115,209,52,52
117,171,0,0
117,172,0,0
117,173,0,0
117,174,0,0
117,175,0,0
117,176,0,0
117,177,0,0
117,178,0,0
117,179,0,0
117,180,0,0
117,181,0,0
117,182,0,0
117,183,0,0
117,184,0,0
117,185,0,0
117,186,0,0
117,187,0,0
117,188,0,0
117,189,0,0
117,190,0,0
117,191,0,0
117,192,0,0
117,193,0,0
117,194,0,0
117,195,0,0
117,196,0,0
117,197,14,14
117,198,0,0
117,199,0,0
117,200,0,0
117,201,0,0
117,202,0,0
117,203,0,0
117,204,0,0
117,205,0,0
117,206,1,1
117,207,0,0
117,208,0,0
117,209,0,0
118,171,0,0
118,172,0,0
118,173,0,0
118,174,0,0
118,175,0,0
118,176,0,0
118,177,0,0
118,178,54,3
118,179,105000,4
118,180,0,0
118,181,0,0
118,182,0,0
118,183,0,0
118,184,0,0
118,185,350000,109
118,186,0,0
118,187,0,0
118,188,0,0
118,189,4100,100
118,190,0,0
118,191,0,0
118,192,0,0
118,193,0,0
118,194,0,0
118,195,2500000,240
118,196,0,0
118,197,200000,11
118,198,0,0
118,199,0,0
118,200,0,0
118,201,1440,32
118,202,0,0
118,203,4020,3
118,204,23000,11
118,205,0,0
118,206,0,0
118,207,0,0
118,208,163000,10
118,209,220000,9
119,171,0,0
119,172,0,0
119,173,0,0
119,174,0,0
119,175,0,0
119,176,200,200
119,177,0,0
119,178,0,0
119,179,132000,0
119,180,0,0
119,181,0,0
119,182,0,0
119,183,36000,11
119,184,0,0
119,185,0,0
119,186,0,0
119,187,0,0
119,188,0,0
119,189,0,0
119,190,0,0
119,191,0,0
119,192,0,0
119,193,0,0
119,194,0,0
119,195,65000,17
119,196,0,0
119,197,0,0
119,198,0,0
119,199,0,0
119,200,0,0
119,201,0,0
119,202,0,0
119,203,0,0
119,204,0,0
119,205,25200,236
119,206,0,0
119,207,60100,34
119,208,0,0
119,209,2560000,138000
122,171,0,0
122,172,0,0
122,173,0,0
122,174,0,0
122,175,0,0
122,176,0,0
122,177,0,0
122,178,0,0
122,179,0,0
122,180,0,0
122,181,0,0
122,182,0,0
122,183,0,0
122,184,0,0
122,185,0,0
122,186,0,0
122,187,1,1
122,188,0,0
122,189,70,70
122,190,0,0
122,191,0,0
122,192,171,6
122,193,0,0
122,194,0,0
122,195,0,0
122,196,0,0
122,197,39,20
122,198,0,0
122,199,0,0
122,200,0,0
122,201,0,0
122,202,0,0
122,203,0,0
122,204,0,0
122,205,0,0
122,206,0,0
122,207,0,0
122,208,0,0
122,209,0,0
123,171,0,0
123,172,0,0
123,173,0,0
123,174,0,0
123,175,0,0
123,176,0,0
123,177,0,0
123,178,0,0
123,179,0,0
123,180,0,0
123,181,0,0
123,182,0,0
123,183,0,0
123,184,0,0
123,185,0,0
123,186,0,0
123,187,0,0
123,188,0,0
123,189,0,0
123,190,0,0
123,191,20,20
123,192,0,0
123,193,0,0
123,194,0,0
123,195,0,0
123,196,250000,1
123,197,0,0
123,198,102,2
123,199,0,0
123,200,0,0
123,201,0,0
123,202,0,0
123,203,4,4
123,204,0,0
123,205,0,0
123,206,1,0
123,207,0,0
123,208,7,7
123,209,0,0
124,171,0,0
124,172,0,0
124,173,0,0
124,174,0,0
124,175,0,0
124,176,0,0
124,177,0,0
124,178,0,0
124,179,0,0
124,180,0,0
124,181,0,0
124,182,0,0
124,183,0,0
124,184,0,0
124,185,0,0
124,186,0,0
124,187,0,0
124,188,0,0
124,189,6,6
124,190,0,0
124,191,0,0
124,192,0,0
124,193,0,0
124,194,0,0
124,195,0,0
124,196,0,0
124,197,2000,1
124,198,143,3
124,199,0,0
124,200,0,0
124,201,0,0
124,202,0,0
124,203,0,0
124,204,2,2
124,205,0,0
124,206,100,0
124,207,0,0
124,208,300,0
124,209,0,0
125,171,0,0
125,172,4690,35
125,173,0,0
125,174,0,0
125,175,0,0
125,176,0,0
125,177,0,0
125,178,0,0
125,179,0,0
125,180,0,0
125,181,0,0
125,182,0,0
125,183,52100,71
125,184,0,0
125,185,0,0
125,186,0,0
125,187,0,0
125,188,0,0
125,189,360000,130
125,190,0,0
125,191,0,0
125,192,0,0
125,193,0,0
125,194,123000,37
125,195,0,0
125,196,15100,38
125,197,10800,44
125,198,0,0
125,199,872000,3330
125,200,0,0
125,201,2510,2
125,202,24900,16
125,203,302,2
125,204,0,0
125,205,200,0
125,206,13700,7
125,207,0,0
125,208,189000,188
125,209,1400,13
126,171,0,0
126,172,0,0
126,173,0,0
126,174,0,0
126,175,0,0
126,176,0,0
126,177,0,0
126,178,0,0
126,179,0,0
126,180,0,0
126,181,0,0
126,182,0,0
126,183,0,0
126,184,0,0
126,185,0,0
126,186,0,0
126,187,0,0
126,188,0,0
126,189,0,0
126,190,0,0
126,191,0,0
126,192,0,0
126,193,0,0
126,194,0,0
126,195,0,0
126,196,0,0
126,197,0,0
126,198,0,0
126,199,0,0
126,200,0,0
126,201,0,0
126,202,0,0
126,203,1260,4
126,204,0,0
126,205,0,0
126,206,0,0
126,207,0,0
126,208,0,0
126,209,0,0
127,171,0,0
127,172,0,0
127,173,0,0
127,174,0,0
127,175,0,0
127,176,0,0
127,177,0,0
127,178,0,0
127,179,100,100
127,180,0,0
127,181,0,0
127,182,0,0
127,183,0,0
127,184,0,0
127,185,0,0
127,186,0,0
127,187,0,0
127,188,0,0
127,189,0,0
127,190,0,0
127,191,0,0
127,192,0,0
127,193,0,0
127,194,0,0
127,195,0,0
127,196,0,0
127,197,0,0
127,198,0,0
127,199,0,0
127,200,100,100
127,201,1000,0
127,202,0,0
127,203,0,0
127,204,0,0
127,205,0,0
127,206,0,0
127,207,0,0
127,208,0,0
127,209,0,0
128,171,0,0
128,172,0,0
128,173,0,0
128,174,0,0
128,175,0,0
128,176,0,0
128,177,0,0
128,178,0,0
128,179,0,0
128,180,0,0
128,181,0,0
128,182,0,0
128,183,0,0
128,184,0,0
128,185,0,0
128,186,0,0
128,187,0,0
128,188,0,0
128,189,0,0
128,190,0,0
128,191,0,0
128,192,0,0
128,193,0,0
128,194,2510,6
128,195,0,0
128,196,0,0
128,197,0,0
128,198,0,0
128,199,0,0
128,200,0,0
128,201,627000,46
128,202,0,0
128,203,7400,3
128,204,0,0
128,205,0,0
128,206,0,0
128,207,0,0
128,208,1650,0
128,209,0,0
129,171,0,0
129,172,0,0
129,173,0,0
129,174,0,0
129,175,0,0
129,176,0,0
129,177,0,0
129,178,0,0
129,179,0,0
129,180,0,0
129,181,0,0
129,182,0,0
129,183,0,0
129,184,0,0
129,185,0,0
129,186,0,0
129,187,0,0
129,188,0,0
129,189,0,0
129,190,0,0
129,191,0,0
129,192,0,0
129,193,0,0
129,194,0,0
129,195,0,0
129,196,0,0
129,197,0,0
129,198,0,0
129,199,0,0
129,200,0,0
129,201,0,0
129,202,0,0
129,203,0,0
129,204,0,0
129,205,0,0
129,206,0,0
129,207,0,0
129,208,0,0
129,209,100,0
130,171,0,0
130,172,0,0
130,173,0,0
130,174,0,0
130,175,0,0
130,176,0,0
130,177,0,0
130,178,6700,107
130,179,0,0
130,180,0,0
130,181,0,0
130,182,26,26
130,183,0,0
130,184,0,0
130,185,0,0
130,186,0,0
130,187,0,0
130,188,0,0
130,189,0,0
130,190,0,0
130,191,0,0
130,192,0,0
130,193,0,0
130,194,0,0
130,195,0,0
130,196,0,0
130,197,0,0
130,198,0,0
130,199,0,0
130,200,0,0
130,201,0,0
130,202,0,0
130,203,90,7
130,204,30,30
130,205,0,0
130,206,0,0
130,207,0,0
130,208,20100,76
130,209,0,0
131,171,0,0
131,172,0,0
131,173,0,0
131,174,0,0
131,175,0,0
131,176,0,0
131,177,0,0
131,178,0,0
131,179,0,0
131,180,0,0
131,181,41,18
131,182,656,56
131,183,0,0
131,184,0,0
131,185,0,0
131,186,0,0
131,187,261,11
131,188,0,0
131,189,36,36
131,190,0,0
131,191,0,0
131,192,0,0
131,193,0,0
131,194,609,609
131,195,56,36
131,196,0,0
131,197,0,0
131,198,41,41
131,199,12,12
131,200,537000,258
131,201,0,0
131,202,504,4
131,203,26,14
131,204,2610,51
131,205,0,0
131,206,58,58
131,207,0,0
131,208,1650000,242
131,209,0,0
134,171,0,0
134,172,0,0
134,173,0,0
134,174,0,0
134,175,0,0
134,176,0,0
134,177,0,0
134,178,0,0
134,179,0,0
134,180,0,0
134,181,0,0
134,182,0,0
134,183,0,0
134,184,0,0
134,185,0,0
134,186,0,0
134,187,0,0
134,188,0,0
134,189,8760,30
134,190,0,0
134,191,0,0
134,192,0,0
134,193,62,12
134,194,0,0
134,195,0,0
134,196,0,0
134,197,0,0
134,198,0,0
134,199,7500,3
134,200,0,0
134,201,0,0
134,202,0,0
134,203,0,0
134,204,0,0
134,205,0,0
134,206,0,0
134,207,0,0
134,208,0,0
134,209,0,0
135,171,0,0
135,172,0,0
135,173,0,0
135,174,0,0
135,175,0,0
135,176,0,0
135,177,0,0
135,178,0,0
135,179,0,0
135,180,0,0
135,181,0,0
135,182,0,0
135,183,0,0
135,184,0,0
135,185,0,0
135,186,0,0
135,187,0,0
135,188,0,0
135,189,0,0
135,190,0,0
135,191,0,0
135,192,0,0
135,193,0,0
135,194,40100,15
135,195,0,0
135,196,0,0
135,197,0,0
135,198,7530,32
135,199,0,0
135,200,0,0
135,201,0,0
135,202,0,0
135,203,0,0
135,204,0,0
135,205,0,0
135,206,0,0
135,207,0,0
135,208,162000,172
135,209,0,0
136,171,0,0
136,172,0,0
136,173,0,0
136,174,0,0
136,175,0,0
136,176,0,0
136,177,0,0
136,178,0,0
136,179,0,0
136,180,0,0
136,181,0,0
136,182,0,0
136,183,0,0
136,184,0,0
136,185,0,0
136,186,0,0
136,187,0,0
136,188,0,0
136,189,0,0
136,190,0,0
136,191,0,0
136,192,0,0
136,193,0,0
136,194,0,0
136,195,0,0
136,196,0,0
136,197,0,0
136,198,110,33
136,199,0,0
136,200,0,0
136,201,0,0
136,202,0,0
136,203,12500,0
136,204,0,0
136,205,0,0
136,206,0,0
136,207,0,0
136,208,0,0
136,209,47700,0
137,171,0,0
137,172,0,0
137,173,0,0
137,174,0,0
137,175,0,0
137,176,0,0
137,177,0,0
137,178,0,0
137,179,0,0
137,180,0,0
137,181,0,0
137,182,0,0
137,183,0,0
137,184,0,0
137,185,0,0
137,186,0,0
137,187,0,0
137,188,0,0
137,189,0,0
137,190,0,0
137,191,0,0
137,192,0,0
137,193,0,0
137,194,0,0
137,195,0,0
137,196,0,0
137,197,0,0
137,198,581000,518
137,199,0,0
137,200,0,0
137,201,0,0
137,202,0,0
137,203,86700,59
137,204,0,0
137,205,0,0
137,206,0,0
137,207,0,0
137,208,0,0
137,209,0,0
138,171,1820000,3800
138,172,46800,246
138,173,493000,435
138,174,3450000,346
138,175,104000,203
138,176,5260,39
138,177,2710000,387
138,178,158000,104
138,179,1860000,617
138,180,586000,62
138,181,1870000,212
138,182,1100000,999
138,183,1020000,563
138,184,171000,128
138,185,4540000,2680
138,186,1600000,186
138,187,1240000,176
138,188,3240000,1090
138,189,4520000,788
138,190,2140000,378
138,191,6320000,737
138,192,1580000,6080
138,193,1050000,101
138,194,3580000,518
138,195,1990000,248
138,196,3280000,1250
138,197,37700,38
138,198,367000,49
138,199,7320000,594
138,200,1390000,100
138,201,6190000,394
138,202,3450000,587
138,203,3260000,305
138,204,466000,95
138,205,3240000,1860
138,206,20000,34
138,207,7820000,1810
138,208,1920000,89
138,209,6850000,819
139,171,0,0
139,172,0,0
139,173,0,0
139,174,0,0
139,175,0,0
139,176,0,0
139,177,0,0
139,178,0,0
139,179,0,0
139,180,0,0
139,181,0,0
139,182,0,0
139,183,0,0
139,184,900,0
139,185,0,0
139,186,0,0
139,187,0,0
139,188,0,0
139,189,0,0
139,190,0,0
139,191,0,0
139,192,0,0
139,193,0,0
139,194,0,0
139,195,1,1
139,196,0,0
139,197,0,0
139,198,0,0
139,199,0,0
139,200,3,3
139,201,0,0
139,202,0,0
139,203,9,9
139,204,0,0
139,205,0,0
139,206,0,0
139,207,0,0
139,208,19,19
139,209,1060,2
140,171,0,0
140,172,0,0
140,173,0,0
140,174,11,11
140,175,0,0
140,176,0,0
140,177,0,0
140,178,0,0
140,179,0,0
140,180,0,0
140,181,0,0
140,182,0,0
140,183,0,0
140,184,0,0
140,185,0,0
140,186,0,0
140,187,0,0
140,188,0,0
140,189,0,0
140,190,0,0
140,191,0,0
140,192,0,0
140,193,0,0
140,194,0,0
140,195,0,0
140,196,0,0
140,197,0,0
140,198,229,29
140,199,0,0
140,200,0,0
140,201,74,4
140,202,0,0
140,203,0,0
140,204,0,0
140,205,0,0
140,206,0,0
140,207,0,0
140,208,0,0
140,209,0,0
142,171,0,0
142,172,0,0
142,173,0,0
142,174,0,0
142,175,0,0
142,176,0,0
142,177,0,0
142,178,0,0
142,179,0,0
142,180,0,0
142,181,0,0
142,182,0,0
142,183,0,0
142,184,0,0
142,185,0,0
142,186,0,0
142,187,0,0
142,188,0,0
142,189,0,0
142,190,0,0
142,191,0,0
142,192,0,0
142,193,0,0
142,194,203,3
142,195,5410,0
142,196,0,0
142,197,0,0
142,198,72,12
142,199,0,0
142,200,0,0
142,201,314,14
142,202,0,0
142,203,0,0
142,204,0,0
142,205,2410,12
142,206,3,3
142,207,0,0
142,208,0,0
142,209,90,0
143,171,0,0
143,172,0,0
143,173,0,0
143,174,0,0
143,175,0,0
143,176,0,0
143,177,0,0
143,178,0,0
143,179,0,0
143,180,0,0
143,181,0,0
143,182,0,0
143,183,0,0
143,184,0,0
143,185,0,0
143,186,0,0
143,187,0,0
143,188,0,0
143,189,0,0
143,190,0,0
143,191,0,0
143,192,0,0
143,193,0,0
143,194,0,0
143,195,74,12
143,196,2710,145
143,197,0,0
143,198,0,0
143,199,168,8
143,200,12,12
143,201,9,9
143,202,12400,8
143,203,8,8
143,204,0,0
143,205,6070,9
143,206,2,0
143,207,0,0
143,208,0,0
143,209,0,0
145,171,0,0
145,172,0,0
145,173,0,0
145,174,0,0
145,175,0,0
145,176,0,0
145,177,0,0
145,178,0,0
145,179,0,0
145,180,0,0
145,181,0,0
145,182,0,0
145,183,0,0
145,184,1000,0
145,185,0,0
145,186,0,0
145,187,0,0
145,188,0,0
145,189,0,0
145,190,0,0
145,191,195000,8
145,192,88000,13
145,193,0,0
145,194,0,0
145,195,0,0
145,196,0,0
145,197,0,0
145,198,0,0
145,199,0,0
145,200,0,0
145,201,0,0
145,202,0,0
145,203,0,0
145,204,0,0
145,205,1,1
145,206,9,9
145,207,0,0
145,208,0,0
145,209,0,0
148,171,0,0
148,172,0,0
148,173,0,0
148,174,0,0
148,175,0,0
148,176,0,0
148,177,0,0
148,178,0,0
148,179,0,0
148,180,0,0
148,181,0,0
148,182,0,0
148,183,0,0
148,184,0,0
148,185,0,0
148,186,0,0
148,187,0,0
148,188,0,0
148,189,0,0
148,190,0,0
148,191,0,0
148,192,0,0
148,193,0,0
148,194,0,0
148,195,0,0
148,196,0,0
148,197,0,0
148,198,0,0
148,199,0,0
148,200,0,0
148,201,0,0
148,202,0,0
148,203,0,0
148,204,0,0
148,205,0,0
148,206,0,0
148,207,0,0
148,208,0,0
148,209,0,0
149,171,0,0
149,172,0,0
149,173,0,0
149,174,0,0
149,175,0,0
149,176,0,0
149,177,0,0
149,178,0,0
149,179,0,0
149,180,0,0
149,181,0,0
149,182,0,0
149,183,0,0
149,184,0,0
149,185,0,0
149,186,0,0
149,187,0,0
149,188,0,0
149,189,0,0
149,190,0,0
149,191,0,0
149,192,0,0
149,193,0,0
149,194,0,0
149,195,0,0
149,196,0,0
149,197,0,0
149,198,0,0
149,199,0,0
149,200,96000,187
149,201,0,0
149,202,0,0
149,203,0,0
149,204,0,0
149,205,1000,2
149,206,0,0
149,207,0,0
149,208,0,0
149,209,0,0
151,171,0,0
151,172,0,0
151,173,0,0
151,174,0,0
151,175,0,0
151,176,0,0
151,177,0,0
151,178,0,0
151,179,0,0
151,180,0,0
151,181,0,0
151,182,0,0
151,183,0,0
151,184,0,0
151,185,0,0
151,186,0,0
151,187,0,0
151,188,0,0
151,189,0,0
151,190,0,0
151,191,0,0
151,192,0,0
151,193,0,0
151,194,0,0
151,195,0,0
151,196,0,0
151,197,0,0
151,198,0,0
151,199,0,0
151,200,0,0
151,201,0,0
151,202,0,0
151,203,6800,0
151,204,0,0
151,205,0,0
151,206,0,0
151,207,0,0
151,208,0,0
151,209,0,0
152,171,0,0
152,172,0,0
152,173,0,0
152,174,0,0
152,175,0,0
152,176,10000,1
152,177,0,0
152,178,0,0
152,179,0,0
152,180,0,0
152,181,0,0
152,182,0,0
152,183,0,0
152,184,0,0
152,185,60,60
152,186,0,0
152,187,0,0
152,188,0,0
152,189,0,0
152,190,0,0
152,191,0,0
152,192,0,0
152,193,0,0
152,194,0,0
152,195,0,0
152,196,0,0
152,197,0,0
152,198,0,0
152,199,0,0
152,200,16,13
152,201,0,0
152,202,0,0
152,203,0,0
152,204,0,0
152,205,0,0
152,206,0,0
152,207,0,0
152,208,0,0
152,209,0,0
154,171,0,0
154,172,0,0
154,173,0,0
154,174,0,0
154,175,0,0
154,176,0,0
154,177,0,0
154,178,0,0
154,179,0,0
154,180,0,0
154,181,0,0
154,182,0,0
154,183,0,0
154,184,0,0
154,185,0,0
154,186,0,0
154,187,0,0
154,188,0,0
154,189,0,0
154,190,0,0
154,191,0,0
154,192,0,0
154,193,0,0
154,194,0,0
154,195,0,0
154,196,0,0
154,197,0,0
154,198,0,0
154,199,0,0
154,200,0,0
154,201,0,0
154,202,0,0
154,203,0,0
154,204,0,0
154,205,10300,2
154,206,0,0
154,207,0,0
154,208,0,0
154,209,0,0
155,171,0,0
155,172,0,0
155,173,0,0
155,174,0,0
155,175,0,0
155,176,0,0
155,177,0,0
155,178,0,0
155,179,0,0
155,180,0,0
155,181,0,0
155,182,0,0
155,183,0,0
155,184,0,0
155,185,0,0
155,186,0,0
155,187,0,0
155,188,0,0
155,189,0,0
155,190,0,0
155,191,0,0
155,192,0,0
155,193,0,0
155,194,0,0
155,195,0,0
155,196,0,0
155,197,0,0
155,198,0,0
155,199,0,0
155,200,0,0
155,201,0,0
155,202,0,0
155,203,0,0
155,204,0,0
155,205,0,0
155,206,0,0
155,207,0,0
155,208,1060,6
155,209,0,0
156,171,0,0
156,172,0,0
156,173,0,0
156,174,0,0
156,175,0,0
156,176,0,0
156,177,0,0
156,178,0,0
156,179,0,0
156,180,6000,2
156,181,0,0
156,182,0,0
156,183,30000,0
156,184,0,0
156,185,0,0
156,186,650,0
156,187,150000,101
156,188,0,0
156,189,0,0
156,190,0,0
156,191,0,0
156,192,0,0
156,193,0,0
156,194,88500,4
156,195,0,0
156,196,0,0
156,197,0,0
156,198,0,0
156,199,0,0
156,200,0,0
156,201,0,0
156,202,0,0
156,203,1110,0
156,204,425,0
156,205,0,0
156,206,0,0
156,207,0,0
156,208,0,0
156,209,0,0
157,171,0,0
157,172,0,0
157,173,0,0
157,174,0,0
157,175,0,0
157,176,0,0
157,177,0,0
157,178,0,0
157,179,0,0
157,180,0,0
157,181,0,0
157,182,0,0
157,183,0,0
157,184,0,0
157,185,0,0
157,186,0,0
157,187,0,0
157,188,0,0
157,189,0,0
157,190,0,0
157,191,0,0
157,192,0,0
157,193,0,0
157,194,0,0
157,195,30,30
157,196,0,0
157,197,0,0
157,198,0,0
157,199,0,0
157,200,0,0
157,201,0,0
157,202,0,0
157,203,0,0
157,204,0,0
157,205,0,0
157,206,0,0
157,207,0,0
157,208,0,0
157,209,0,0
158,171,0,0
158,172,0,0
158,173,0,0
158,174,0,0
158,175,0,0
158,176,0,0
158,177,0,0
158,178,0,0
158,179,0,0
158,180,0,0
158,181,0,0
158,182,0,0
158,183,0,0
158,184,210,10
158,185,500000,64
158,186,0,0
158,187,0,0
158,188,0,0
158,189,0,0
158,190,0,0
158,191,2,2
158,192,0,0
158,193,0,0
158,194,7,7
158,195,2000,2
158,196,0,0
158,197,0,0
158,198,0,0
158,199,178,18
158,200,18800,26
158,201,301,1
158,202,654,14
158,203,101000,23
158,204,600,0
158,205,0,0
158,206,0,0
158,207,0,0
158,208,0,0
158,209,3580,5
159,171,2540,39
159,172,159,109
159,173,0,0
159,174,0,0
159,175,0,0
159,176,0,0
159,177,0,0
159,178,0,0
159,179,4000,0
159,180,35100,115
159,181,20200,165
159,182,14400,113
159,183,5110,68
159,184,0,0
159,185,0,0
159,186,77,57
159,187,6730,33
159,188,56600,619
159,189,0,0
159,190,75300,109
159,191,27,27
159,192,20800,72
159,193,433,0
159,194,8660,32
159,195,116,28
159,196,5230,73
159,197,0,0
159,198,0,0
159,199,4480,100
159,200,518,4
159,201,744,33
159,202,311,11
159,203,88800,204
159,204,80100,130
159,205,2940,14
159,206,1110,11
159,207,0,0
159,208,622,20
159,209,0,0
161,171,0,0
161,172,0,0
161,173,0,0
161,174,19,19
161,175,0,0
161,176,0,0
161,177,0,0
161,178,0,0
161,179,0,0
161,180,0,0
161,181,0,0
161,182,0,0
161,183,0,0
161,184,0,0
161,185,60100,9
161,186,0,0
161,187,0,0
161,188,0,0
161,189,0,0
161,190,33,33
161,191,9,9
161,192,0,0
161,193,0,0
161,194,0,0
161,195,12,12
161,196,0,0
161,197,0,0
161,198,371,21
161,199,0,0
161,200,6,6
161,201,16,14
161,202,10,10
161,203,0,0
161,204,0,0
161,205,0,0
161,206,0,0
161,207,0,0
161,208,1,1
161,209,0,0
162,171,0,0
162,172,0,0
162,173,0,0
162,174,0,0
162,175,0,0
162,176,0,0
162,177,0,0
162,178,0,0
162,179,1010000,740
162,180,0,0
162,181,0,0
162,182,0,0
162,183,0,0
162,184,0,0
162,185,0,0
162,186,8000,0
162,187,0,0
162,188,0,0
162,189,0,0
162,190,0,0
162,191,0,0
162,192,0,0
162,193,0,0
162,194,0,0
162,195,0,0
162,196,0,0
162,197,0,0
162,198,0,0
162,199,0,0
162,200,0,0
162,201,375000,5
162,202,0,0
162,203,0,0
162,204,0,0
162,205,0,0
162,206,0,0
162,207,0,0
162,208,0,0
162,209,50000,9
163,171,0,0
163,172,0,0
163,173,0,0
163,174,0,0
163,175,0,0
163,176,0,0
163,177,0,0
163,178,0,0
163,179,0,0
163,180,0,0
163,181,0,0
163,182,0,0
163,183,0,0
163,184,0,0
163,185,0,0
163,186,0,0
163,187,0,0
163,188,0,0
163,189,0,0
163,190,1300,1
163,191,0,0
163,192,0,0
163,193,0,0
163,194,0,0
163,195,0,0
163,196,1800,0
163,197,0,0
163,198,0,0
163,199,10000,5
163,200,1180,0
163,201,0,0
163,202,0,0
163,203,0,0
163,204,0,0
163,205,0,0
163,206,0,0
163,207,0,0
163,208,0,0
163,209,0,0
164,171,0,0
164,172,0,0
164,173,0,0
164,174,0,0
164,175,0,0
164,176,0,0
164,177,0,0
164,178,0,0
164,179,0,0
164,180,0,0
164,181,80000,27
164,182,0,0
164,183,0,0
164,184,3000,0
164,185,0,0
164,186,0,0
164,187,0,0
164,188,0,0
164,189,45,45
164,190,0,0
164,191,0,0
164,192,0,0
164,193,0,0
164,194,0,0
164,195,754,4
164,196,0,0
164,197,0,0
164,198,0,0
164,199,0,0
164,200,200,0
164,201,0,0
164,202,0,0
164,203,0,0
164,204,0,0
164,205,0,0
164,206,0,0
164,207,0,0
164,208,1,1
164,209,0,0
165,171,0,0
165,172,0,0
165,173,0,0
165,174,0,0
165,175,0,0
165,176,0,0
165,177,0,0
165,178,0,0
165,179,0,0
165,180,0,0
165,181,20500,0
165,182,0,0
165,183,0,0
165,184,0,0
165,185,0,0
165,186,0,0
165,187,0,0
165,188,208,0
165,189,0,0
165,190,0,0
165,191,0,0
165,192,0,0
165,193,0,0
165,194,0,0
165,195,0,0
165,196,0,0
165,197,0,0
165,198,0,0
165,199,0,0
165,200,100,0
165,201,0,0
165,202,0,0
165,203,4,4
165,204,0,0
165,205,1000,0
165,206,530,0
165,207,0,0
165,208,0,0
165,209,0,0
166,171,0,0
166,172,0,0
166,173,0,0
166,174,0,0
166,175,0,0
166,176,0,0
166,177,0,0
166,178,0,0
166,179,0,0
166,180,0,0
166,181,0,0
166,182,0,0
166,183,0,0
166,184,0,0
166,185,0,0
166,186,0,0
166,187,0,0
166,188,0,0
166,189,0,0
166,190,0,0
166,191,0,0
166,192,0,0
166,193,0,0
166,194,0,0
166,195,0,0
166,196,0,0
166,197,0,0
166,198,0,0
166,199,0,0
166,200,0,0
166,201,0,0
166,202,0,0
166,203,33,33
166,204,0,0
166,205,0,0
166,206,0,0
166,207,0,0
166,208,0,0
166,209,0,0
168,171,0,0
168,172,0,0
168,173,0,0
168,174,0,0
168,175,0,0
168,176,0,0
168,177,0,0
168,178,0,0
168,179,0,0
168,180,0,0
168,181,0,0
168,182,0,0
168,183,0,0
168,184,0,0
168,185,633000,53
168,186,0,0
168,187,0,0
168,188,0,0
168,189,0,0
168,190,0,0
168,191,0,0
168,192,0,0
168,193,0,0
168,194,0,0
168,195,0,0
168,196,0,0
168,197,0,0
168,198,0,0
168,199,0,0
168,200,0,0
168,201,0,0
168,202,0,0
168,203,0,0
168,204,0,0
168,205,0,0
168,206,1150,0
168,207,6540,1
168,208,0,0
168,209,0,0
169,171,0,0
169,172,0,0
169,173,0,0
169,174,0,0
169,175,0,0
169,176,0,0
169,177,0,0
169,178,0,0
169,179,0,0
169,180,0,0
169,181,0,0
169,182,0,0
169,183,0,0
169,184,0,0
169,185,0,0
169,186,0,0
169,187,0,0
169,188,0,0
169,189,0,0
169,190,0,0
169,191,0,0
169,192,0,0
169,193,0,0
169,194,0,0
169,195,0,0
169,196,0,0
169,197,0,0
169,198,0,0
169,199,0,0
169,200,3,3
169,201,0,0
169,202,0,0
169,203,1,1
169,204,0,0
169,205,0,0
169,206,7,7
169,207,0,0
169,208,0,0
169,209,0,0
170,171,0,0
170,172,0,0
170,173,0,0
170,174,0,0
170,175,0,0
170,176,0,0
170,177,0,0
170,178,0,0
170,179,0,0
170,180,0,0
170,181,0,0
170,182,0,0
170,183,0,0
170,184,140,0
170,185,0,0
170,186,0,0
170,187,0,0
170,188,1,1
170,189,0,0
170,190,0,0
170,191,5,5
170,192,0,0
170,193,0,0
170,194,2,2
170,195,0,0
170,196,0,0
170,197,0,0
170,198,0,0
170,199,0,0
170,200,12,12
170,201,0,0
170,202,0,0
170,203,3,1
170,204,7,0
170,205,0,0
170,206,0,0
170,207,1,1
170,208,0,0
170,209,0,0
171,171,0,0
171,172,0,0
171,173,0,0
171,174,0,0
171,175,0,0
171,176,0,0
171,177,0,0
171,178,0,0
171,179,0,0
171,180,0,0
171,181,0,0
171,182,0,0
171,183,0,0
171,184,0,0
171,185,0,0
171,186,0,0
171,187,0,0
171,188,0,0
171,189,0,0
171,190,0,0
171,191,0,0
171,192,0,0
171,193,0,0
171,194,0,0
171,195,0,0
171,196,0,0
171,197,0,0
171,198,0,0
171,199,0,0
171,200,0,0
171,201,0,0
171,202,199,27
171,203,0,0
171,204,0,0
171,205,185,5
171,206,0,0
171,207,0,0
171,208,0,0
171,209,0,0
172,171,0,0
172,172,0,0
172,173,0,0
172,174,0,0
172,175,0,0
172,176,0,0
172,177,0,0
172,178,0,0
172,179,0,0
172,180,0,0
172,181,0,0
172,182,0,0
172,183,0,0
172,184,0,0
172,185,0,0
172,186,0,0
172,187,0,0
172,188,0,0
172,189,0,0
172,190,0,0
172,191,0,0
172,192,0,0
172,193,0,0
172,194,0,0
172,195,0,0
172,196,0,0
172,197,0,0
172,198,0,0
172,199,0,0
172,200,1500,0
172,201,0,0
172,202,830,0
172,203,0,0
172,204,0,0
172,205,0,0
172,206,0,0
172,207,0,0
172,208,0,0
172,209,0,0
173,171,0,0
173,172,0,0
173,173,0,0
173,174,0,0
173,175,0,0
173,176,0,0
173,177,0,0
173,178,0,0
173,179,0,0
173,180,0,0
173,181,0,0
173,182,0,0
173,183,0,0
173,184,0,0
173,185,0,0
173,186,0,0
173,187,0,0
173,188,0,0
173,189,0,0
173,190,0,0
173,191,0,0
173,192,0,0
173,193,0,0
173,194,0,0
173,195,2500,4
173,196,0,0
173,197,0,0
173,198,0,0
173,199,0,0
173,200,0,0
173,201,0,0
173,202,0,0
173,203,0,0
173,204,0,0
173,205,0,0
173,206,0,0
173,207,0,0
173,208,0,0
173,209,0,0
174,171,0,0
174,172,0,0
174,173,0,0
174,174,0,0
174,175,0,0
174,176,0,0
174,177,0,0
174,178,0,0
174,179,50,50
174,180,0,0
174,181,0,0
174,182,43100,55
174,183,0,0
174,184,0,0
174,185,0,0
174,186,0,0
174,187,0,0
174,188,0,0
174,189,0,0
174,190,200000,458
174,191,36,36
174,192,1890000,38
174,193,387000,6
174,194,214000,4
174,195,15000,19
174,196,27,27
174,197,343000,9
174,198,50600,198
174,199,0,0
174,200,0,0
174,201,41200,2
174,202,150,0
174,203,30200,1
174,204,5000,0
174,205,9060,14
174,206,3510,10
174,207,0,0
174,208,0,0
174,209,1000,0
175,171,0,0
175,172,0,0
175,173,0,0
175,174,0,0
175,175,0,0
175,176,0,0
175,177,0,0
175,178,0,0
175,179,0,0
175,180,0,0
175,181,0,0
175,182,0,0
175,183,0,0
175,184,0,0
175,185,0,0
175,186,0,0
175,187,0,0
175,188,0,0
175,189,0,0
175,190,0,0
175,191,0,0
175,192,0,0
175,193,0,0
175,194,0,0
175,195,0,0
175,196,0,0
175,197,0,0
175,198,0,0
175,199,0,0
175,200,0,0
175,201,0,0
175,202,0,0
175,203,0,0
175,204,0,0
175,205,0,0
175,206,0,0
175,207,8730,0
175,208,0,0
175,209,0,0
177,171,0,0
177,172,0,0
177,173,0,0
177,174,903,3
177,175,0,0
177,176,0,0
177,177,0,0
177,178,10000,0
177,179,0,0
177,180,0,0
177,181,0,0
177,182,0,0
177,183,147000,7
177,184,0,0
177,185,0,0
177,186,0,0
177,187,0,0
177,188,0,0
177,189,0,0
177,190,0,0
177,191,3100,1
177,192,0,0
177,193,0,0
177,194,0,0
177,195,0,0
177,196,0,0
177,197,0,0
177,198,3000,0
177,199,3570,0
177,200,0,0
177,201,0,0
177,202,16500,0
177,203,0,0
177,204,0,0
177,205,0,0
177,206,0,0
177,207,0,0
177,208,0,0
177,209,0,0
178,171,0,0
178,172,0,0
178,173,0,0
178,174,0,0
178,175,50000,2
178,176,0,0
178,177,0,0
178,178,0,0
178,179,0,0
178,180,0,0
178,181,0,0
178,182,0,0
178,183,0,0
178,184,0,0
178,185,0,0
178,186,0,0
178,187,0,0
178,188,0,0
178,189,0,0
178,190,0,0
178,191,1000,0
178,192,0,0
178,193,0,0
178,194,0,0
178,195,0,0
178,196,0,0
178,197,0,0
178,198,0,0
178,199,0,0
178,200,0,0
178,201,0,0
178,202,0,0
178,203,0,0
178,204,0,0
178,205,561,1
178,206,0,0
178,207,0,0
178,208,0,0
178,209,0,0
180,171,0,0
180,172,0,0
180,173,30,30
180,174,0,0
180,175,0,0
180,176,0,0
180,177,0,0
180,178,0,0
180,179,0,0
180,180,0,0
180,181,0,0
180,182,0,0
180,183,0,0
180,184,0,0
180,185,0,0
180,186,0,0
180,187,0,0
180,188,0,0
180,189,0,0
180,190,0,0
180,191,0,0
180,192,4,1
180,193,0,0
180,194,0,0
180,195,30,30
180,196,0,0
180,197,0,0
180,198,0,0
180,199,0,0
180,200,0,0
180,201,0,0
180,202,0,0
180,203,14,14
180,204,0,0
180,205,1660,25
180,206,0,0
180,207,0,0
180,208,0,0
180,209,0,0
182,171,0,0
182,172,0,0
182,173,706,6
182,174,0,0
182,175,0,0
182,176,0,0
182,177,0,0
182,178,0,0
182,179,0,0
182,180,0,0
182,181,0,0
182,182,0,0
182,183,0,0
182,184,0,0
182,185,0,0
182,186,0,0
182,187,0,0
182,188,0,0
182,189,0,0
182,190,0,0
182,191,700,0
182,192,0,0
182,193,0,0
182,194,150,0
182,195,0,0
182,196,0,0
182,197,0,0
182,198,0,0
182,199,0,0
182,200,0,0
182,201,0,0
182,202,0,0
182,203,0,0
182,204,0,0
182,205,0,0
182,206,0,0
182,207,0,0
182,208,0,0
182,209,0,0
183,171,0,0
183,172,0,0
183,173,0,0
183,174,0,0
183,175,0,0
183,176,0,0
183,177,0,0
183,178,0,0
183,179,0,0
183,180,0,0
183,181,0,0
183,182,0,0
183,183,0,0
183,184,0,0
183,185,0,0
183,186,0,0
183,187,0,0
183,188,0,0
183,189,0,0
183,190,0,0
183,191,0,0
183,192,0,0
183,193,0,0
183,194,0,0
183,195,0,0
183,196,0,0
183,197,0,0
183,198,0,0
183,199,0,0
183,200,0,0
183,201,10000,0
183,202,0,0
183,203,100,0
183,204,0,0
183,205,0,0
183,206,0,0
183,207,0,0
183,208,0,0
183,209,0,0
184,171,0,0
184,172,0,0
184,173,0,0
184,174,0,0
184,175,0,0
184,176,0,0
184,177,0,0
184,178,0,0
184,179,0,0
184,180,0,0
184,181,0,0
184,182,0,0
184,183,0,0
184,184,0,0
184,185,0,0
184,186,0,0
184,187,0,0
184,188,0,0
184,189,0,0
184,190,0,0
184,191,0,0
184,192,0,0
184,193,1000,0
184,194,0,0
184,195,0,0
184,196,0,0
184,197,0,0
184,198,11,11
184,199,0,0
184,200,0,0
184,201,48100,10
184,202,0,0
184,203,0,0
184,204,0,0
184,205,0,0
184,206,0,0
184,207,0,0
184,208,7550,0
184,209,0,0
186,171,0,0
186,172,0,0
186,173,0,0
186,174,0,0
186,175,0,0
186,176,0,0
186,177,0,0
186,178,0,0
186,179,0,0
186,180,0,0
186,181,0,0
186,182,12,12
186,183,0,0
186,184,17,5
186,185,22,22
186,186,0,0
186,187,0,0
186,188,20,20
186,189,0,0
186,190,13,13
186,191,200000,83
186,192,48,48
186,193,0,0
186,194,0,0
186,195,0,0
186,196,9,9
186,197,12000,5
186,198,0,0
186,199,253000,35
186,200,211,11
186,201,20100,16
186,202,0,0
186,203,14,14
186,204,0,0
186,205,0,0
186,206,3010,10
186,207,0,0
186,208,13,13
186,209,0,0
187,171,37,37
187,172,158,158
187,173,256,256
187,174,296,50
187,175,352,352
187,176,302,102
187,177,0,0
187,178,91,91
187,179,215,215
187,180,2350,186
187,181,582,12
187,182,30,30
187,183,52000,503
187,184,6130,132
187,185,15800,1120
187,186,1020000,363
187,187,81,1
187,188,3350,151
187,189,27,27
187,190,25200,108
187,191,10800,162
187,192,3090,87
187,193,295000,95
187,194,891,291
187,195,21900,165
187,196,86300,150
187,197,4420,287
187,198,5070,180
187,199,154000,203
187,200,3060000,227
187,201,23500,105
187,202,181000,82
187,203,19200,189
187,204,244000,151
187,205,5080000,215
187,206,832000,1880
187,207,5760,93
187,208,8560,245
187,209,2300000,261
188,171,0,0
188,172,0,0
188,173,0,0
188,174,0,0
188,175,0,0
188,176,0,0
188,177,0,0
188,178,0,0
188,179,0,0
188,180,0,0
188,181,0,0
188,182,0,0
188,183,0,0
188,184,0,0
188,185,0,0
188,186,0,0
188,187,0,0
188,188,0,0
188,189,0,0
188,190,0,0
188,191,0,0
188,192,0,0
188,193,0,0
188,194,2000,0
188,195,0,0
188,196,0,0
188,197,0,0
188,198,501,1
188,199,0,0
188,200,1000,1
188,201,100,0
188,202,0,0
188,203,1500,2
188,204,0,0
188,205,0,0
188,206,19,7
188,207,0,0
188,208,0,0
188,209,0,0
190,171,0,0
190,172,0,0
190,173,4,4
190,174,0,0
190,175,0,0
190,176,0,0
190,177,0,0
190,178,0,0
190,179,0,0
190,180,0,0
190,181,0,0
190,182,0,0
190,183,0,0
190,184,0,0
190,185,0,0
190,186,118000,9
190,187,0,0
190,188,48100,48
190,189,6700,0
190,190,0,0
190,191,0,0
190,192,0,0
190,193,1160,2
190,194,12000,4
190,195,0,0
190,196,0,0
190,197,0,0
190,198,0,0
190,199,2400,0
190,200,32,32
190,201,0,0
190,202,802,2
190,203,0,0
190,204,0,0
190,205,54000,2
190,206,0,0
190,207,0,0
190,208,0,0
190,209,0,0
191,171,0,0
191,172,0,0
191,173,0,0
191,174,0,0
191,175,0,0
191,176,0,0
191,177,0,0
191,178,0,0
191,179,0,0
191,180,0,0
191,181,0,0
191,182,0,0
191,183,0,0
191,184,0,0
191,185,0,0
191,186,0,0
191,187,0,0
191,188,0,0
191,189,11,11
191,190,0,0
191,191,0,0
191,192,0,0
191,193,0,0
191,194,6000,100
191,195,0,0
191,196,0,0
191,197,0,0
191,198,0,0
191,199,0,0
191,200,0,0
191,201,0,0
191,202,0,0
191,203,0,0
191,204,0,0
191,205,1740,5
191,206,0,0
191,207,0,0
191,208,0,0
191,209,0,0
192,171,0,0
192,172,50100,112
192,173,0,0
192,174,150000,100
192,175,0,0
192,176,0,0
192,177,0,0
192,178,1000,0
192,179,0,0
192,180,0,0
192,181,15700000,308
192,182,0,0
192,183,1300000,70
192,184,1180000,734
192,185,652000,155
192,186,451000,798
192,187,2500000,435
192,188,937000,123
192,189,1320000,157
192,190,6420000,959
192,191,502000,102
192,192,478000,297
192,193,79400,31
192,194,39000,206
192,195,11000,30
192,196,23100,16
192,197,668000,789
192,198,1090000,3690
192,199,2530000,368
192,200,10,10
192,201,14600,23
192,202,201000,53
192,203,1800,0
192,204,5020,0
192,205,501000,70
192,206,368000,116
192,207,3300000,401
192,208,686000,96
192,209,157000,254
193,171,0,0
193,172,0,0
193,173,0,0
193,174,0,0
193,175,0,0
193,176,0,0
193,177,0,0
193,178,0,0
193,179,0,0
193,180,0,0
193,181,0,0
193,182,0,0
193,183,0,0
193,184,0,0
193,185,0,0
193,186,0,0
193,187,0,0
193,188,0,0
193,189,0,0
193,190,0,0
193,191,0,0
193,192,0,0
193,193,0,0
193,194,0,0
193,195,0,0
193,196,0,0
193,197,0,0
193,198,0,0
193,199,0,0
193,200,0,0
193,201,0,0
193,202,30,30
193,203,0,0
193,204,0,0
193,205,0,0
193,206,0,0
193,207,0,0
193,208,0,0
193,209,0,0
195,171,0,0
195,172,0,0
195,173,0,0
195,174,0,0
195,175,0,0
195,176,11,11
195,177,0,0
195,178,0,0
195,179,0,0
195,180,0,0
195,181,0,0
195,182,0,0
195,183,0,0
195,184,0,0
195,185,0,0
195,186,0,0
195,187,0,0
195,188,0,0
195,189,0,0
195,190,0,0
195,191,0,0
195,192,0,0
195,193,0,0
195,194,0,0
195,195,0,0
195,196,0,0
195,197,0,0
195,198,0,0
195,199,0,0
195,200,0,0
195,201,0,0
195,202,0,0
195,203,0,0
195,204,8,8
195,205,0,0
195,206,0,0
195,207,0,0
195,208,0,0
195,209,0,0
